1.0	0.562863624966741	1.2196492823984666
2.0	0.5628636249662107	-1.219649282399124
3.0	0.07626757881062894	-0.857830834411829
4.0	0.025325887160240392	-0.5810146526317185
5.0	0.016483913571461152	-0.43150969289604313
6.0	0.01415966799461952	-0.3408939358987464
7.0	0.013360468825075356	-0.28066908282546166
8.0	0.013030716230669138	-0.23787686178816983
9.0	0.01287570207455855	-0.2059286052473691
10.0	0.012795366662977337	-0.18115672216227952
11.0	0.012750468555177542	-0.16136883439348146
12.0	0.01272382169988094	-0.14517797402965976
13.0	0.01270721388030936	-0.13166552197089623
14.0	0.012696434181111034	-0.12019964852497914
15.0	0.012689193922234832	-0.11033184321688992
16.0	0.012684186846770152	-0.10173509259407523
17.0	0.012680635716765549	-0.09416543013409624
18.0	0.012678061174539103	-0.08743718475248208
19.0	0.012676158197672361	-0.08140656491471815
20.0	0.012674727296674427	-0.07596048326907205
21.0	0.012673634793275768	-0.07100877174301061
22.0	0.012672789147670782	-0.06647864649729116
23.0	0.012672126444864285	-0.062310699946565185
24.0	0.012671601269651396	-0.05845595045017235
25.0	0.012671180834592073	-0.05487363803948665
26.0	0.01267084112349387	-0.05152955513147944
27.0	0.012670564311583893	-0.04839476668565312
28.0	0.012670337006937166	-0.04544461777102118
29.0	0.012670149035874895	-0.04265795592644694
30.0	0.012669992589194719	-0.04001651590735135
31.0	0.01266986161561039	-0.03750442851201449
32.0	0.012669751384874462	-0.03510782515802189
33.0	0.012669658168635656	-0.032814517013656556
34.0	0.012669579006615101	-0.030613732680354184
35.0	0.012669511531867256	-0.028495902208614827
36.0	0.012669453839817046	-0.026452478049841344
37.0	0.012669404389150303	-0.024475785640434844
38.0	0.012669361926180567	-0.022558897908323463
39.0	0.012669325426406098	-0.020695529194885008
40.0	0.012669294049243763	-0.01887994500809864
41.0	0.012669267103883441	-0.01710688474267177
42.0	0.012669244020708448	-0.01537149505130179
43.0	0.012669224329864077	-0.01366927198930954
44.0	0.012669207644831527	-0.011996010393634831
45.0	0.01266919364772643	-0.010347759225959818
46.0	0.012669182079840836	-0.008720781820286792
47.0	0.012669172732507485	-0.0071115201478848256
48.0	0.01266916544062784	-0.005516562338695009
49.0	0.012669160077852126	-0.003932612808700075
50.0	0.012669156552169875	-0.0023564644175493384
51.0	0.012669154804104917	-0.0007849721499986286
52.0	0.012669154804047745	0.0007849721497734321
53.0	0.01266915655214972	0.0023564644175306853
54.0	0.012669160077713093	0.003932612808673657
55.0	0.012669165440556253	0.005516562338746829
56.0	0.012669172732358869	0.007111520147815867
57.0	0.012669182079722875	0.00872078182045322
58.0	0.012669193647600508	0.010347759226168811
59.0	0.01266920764469508	0.011996010393867624
60.0	0.012669224330016899	0.01366927198938229
61.0	0.012669244020722503	0.01537149505127741
62.0	0.012669267104003857	0.017106884742724912
63.0	0.012669294049324542	0.018879945008064114
64.0	0.01266932542621172	0.020695529194880432
65.0	0.012669361926224266	0.022558897908481937
66.0	0.012669404389173623	0.024475785640507355
67.0	0.01266945383992879	0.026452478050021044
68.0	0.01266951153192495	0.028495902208704862
69.0	0.01266957900665115	0.030613732680325162
70.0	0.012669658168728493	0.032814517013669234
71.0	0.012669751384979123	0.0351078251581042
72.0	0.012669861615772516	0.03750442851192419
73.0	0.012669992589164248	0.04001651590717486
74.0	0.01267014903581838	0.042657955926429486
75.0	0.012670337006883525	0.045444617770977254
76.0	0.012670564311563926	0.04839476668556927
77.0	0.01267084112336539	0.05152955513141048
78.0	0.012671180834405188	0.054873638039297824
79.0	0.012671601269511125	0.05845595045021537
80.0	0.012672126444624711	0.06231069994681796
81.0	0.012672789147509756	0.0664786464976159
82.0	0.012673634793449802	0.0710087717432775
83.0	0.012674727296916655	0.07596048326914967
84.0	0.012676158197720411	0.08140656491491163
85.0	0.012678061174488432	0.08743718475249523
86.0	0.012680635716811285	0.09416543013413477
87.0	0.012684186846813328	0.10173509259413963
88.0	0.012689193922330073	0.11033184321694559
89.0	0.01269643418105909	0.1201996485250433
90.0	0.012707213880368134	0.13166552197101397
91.0	0.012723821699896632	0.14517797402976348
92.0	0.012750468555199214	0.16136883439358918
93.0	0.012795366663094887	0.18115672216235457
94.0	0.012875702074743879	0.20592860524747802
95.0	0.013030716230847172	0.2378768617882534
96.0	0.013360468825045768	0.2806690828255069
97.0	0.014159667994822057	0.3408939358986838
98.0	0.016483913571698518	0.4315096928958362
99.0	0.025325887160029537	0.5810146526317047
100.0	0.07626757881092522	0.8578308344115557
101.0	0.5628636249666313	1.219649282398568
102.0	0.562863624967169	-1.219649282397869
103.0	0.07626757881135528	-0.8578308344113821
104.0	0.02532588716026767	-0.5810146526317402
105.0	0.016483913571583377	-0.4315096928958996
106.0	0.014159667994643478	-0.3408939358987362
107.0	0.013360468824903427	-0.2806690828256018
108.0	0.013030716230684237	-0.2378768617882832
109.0	0.012875702074379814	-0.20592860524737344
110.0	0.01279536666307375	-0.1811567221623391
111.0	0.012750468555028649	-0.16136883439351715
112.0	0.012723821699779692	-0.1451779740297081
113.0	0.012707213880325564	-0.13166552197092066
114.0	0.012696434180958161	-0.1201996485248718
115.0	0.012689193922284125	-0.11033184321679501
116.0	0.01268418684677885	-0.1017350925940451
117.0	0.01268063571684308	-0.09416543013400691
118.0	0.012678061174540135	-0.08743718475254
119.0	0.01267615819764591	-0.08140656491472108
120.0	0.012674727296676513	-0.07596048326909069
121.0	0.012673634793381705	-0.07100877174307527
122.0	0.01267278914768803	-0.06647864649721594
123.0	0.012672126444884647	-0.062310699946607574
124.0	0.012671601269693267	-0.058455950450094524
125.0	0.012671180834536184	-0.05487363803948532
126.0	0.012670841123491967	-0.05152955513148349
127.0	0.01267056431149104	-0.048394766685737015
128.0	0.012670337006818494	-0.0454446177709741
129.0	0.01267014903579441	-0.04265795592653254
130.0	0.012669992589127162	-0.04001651590729708
131.0	0.012669861615675638	-0.037504428512088066
132.0	0.012669751384837719	-0.03510782515802615
133.0	0.012669658168603349	-0.032814517013680794
134.0	0.012669579006643533	-0.03061373268030401
135.0	0.012669511531997302	-0.028495902208558712
136.0	0.012669453839824187	-0.02645247804985922
137.0	0.012669404389165662	-0.024475785640476824
138.0	0.0126693619261118	-0.0225588979083476
139.0	0.012669325426332723	-0.020695529194852177
140.0	0.01266929404921382	-0.018879945008195415
141.0	0.012669267103920101	-0.01710688474258903
142.0	0.012669244020682147	-0.015371495051399479
143.0	0.012669224330006286	-0.013669271989187807
144.0	0.012669207644787224	-0.011996010393800707
145.0	0.012669193647721311	-0.010347759225959248
146.0	0.012669182079836083	-0.008720781820329423
147.0	0.012669172732473795	-0.0071115201478602315
148.0	0.012669165440625114	-0.005516562338746358
149.0	0.012669160077640169	-0.003932612808654167
150.0	0.012669156552187956	-0.0023564644175696195
151.0	0.012669154804061396	-0.0007849721498105986
152.0	0.012669154804023103	0.000784972149738702
153.0	0.012669156552119094	0.0023564644175232447
154.0	0.0126691600777404	0.003932612808723071
155.0	0.012669165440587195	0.005516562338727398
156.0	0.012669172732493617	0.007111520147791263
157.0	0.012669182079799597	0.00872078182035118
158.0	0.012669193647646388	0.010347759226129944
159.0	0.01266920764477647	0.011996010393838304
160.0	0.012669224330005037	0.01366927198944046
161.0	0.012669244020670378	0.015371495051245035
162.0	0.012669267103973536	0.01710688474273236
163.0	0.012669294049205276	0.018879945007930526
164.0	0.012669325426270106	0.02069552919488903
165.0	0.012669361926171208	0.022558897908476552
166.0	0.01266940438928741	0.024475785640496447
167.0	0.012669453839907103	0.026452478049919022
168.0	0.012669511531932055	0.02849590220870098
169.0	0.012669579006659111	0.030613732680273644
170.0	0.012669658168748588	0.03281451701379918
171.0	0.0126697513848952	0.035107825158059734
172.0	0.012669861615704226	0.0375044285120536
173.0	0.012669992589185275	0.04001651590721548
174.0	0.012670149035812546	0.04265795592649426
175.0	0.012670337006882505	0.045444617770999216
176.0	0.012670564311531962	0.04839476668553491
177.0	0.012670841123380905	0.051529555131350484
178.0	0.012671180834346424	0.054873638039275675
179.0	0.012671601269522603	0.05845595045017791
180.0	0.012672126444768762	0.06231069994662393
181.0	0.01267278914753221	0.0664786464975801
182.0	0.012673634793509192	0.0710087717431764
183.0	0.012674727296912425	0.07596048326917543
184.0	0.01267615819768655	0.08140656491491986
185.0	0.012678061174492355	0.08743718475251787
186.0	0.012680635716621086	0.09416543013405683
187.0	0.012684186846789382	0.10173509259414784
188.0	0.012689193922323611	0.11033184321695276
189.0	0.012696434181009693	0.12019964852503412
190.0	0.012707213880261858	0.13166552197102097
191.0	0.01272382169992652	0.14517797402972946
192.0	0.012750468555206196	0.16136883439363786
193.0	0.012795366663148233	0.18115672216234585
194.0	0.01287570207457196	0.20592860524742673
195.0	0.013030716230917096	0.23787686178824377
196.0	0.013360468825123617	0.2806690828254698
197.0	0.014159667994686287	0.34089393589878886
198.0	0.016483913571546296	0.4315096928959401
199.0	0.02532588716020461	0.581014652631687
200.0	0.07626757881114465	0.857830834411521
201.0	0.5628636249665256	1.2196492823987315
202.0	0.5628636249664434	-1.2196492823988072
203.0	0.07626757881077985	-0.857830834411727
204.0	0.02532588715993589	-0.5810146526318495
205.0	0.016483913571620802	-0.43150969289582886
206.0	0.014159667994693138	-0.34089393589877615
207.0	0.01336046882496077	-0.28066908282552566
208.0	0.013030716230878226	-0.23787686178818765
209.0	0.01287570207457528	-0.20592860524736062
210.0	0.012795366663020759	-0.18115672216228954
211.0	0.012750468554981409	-0.1613688343934545
212.0	0.01272382169987414	-0.1451779740295982
213.0	0.01270721388026282	-0.13166552197095813
214.0	0.01269643418096077	-0.12019964852495962
215.0	0.01268919392220837	-0.11033184321686462
216.0	0.01268418684683832	-0.10173509259403989
217.0	0.012680635716759614	-0.09416543013403472
218.0	0.01267806117450293	-0.08743718475253735
219.0	0.01267615819764973	-0.08140656491465949
220.0	0.012674727296726508	-0.07596048326910455
221.0	0.01267363479332142	-0.07100877174302958
222.0	0.012672789147617781	-0.06647864649724035
223.0	0.012672126444849009	-0.06231069994653792
224.0	0.012671601269713607	-0.058455950450153484
225.0	0.012671180834514363	-0.05487363803941145
226.0	0.01267084112359933	-0.051529555131462915
227.0	0.012670564311603473	-0.04839476668560698
228.0	0.012670337006978888	-0.045444617771017964
229.0	0.012670149035897416	-0.04265795592661345
230.0	0.012669992589131908	-0.040016515907294416
231.0	0.012669861615636137	-0.03750442851206911
232.0	0.01266975138490294	-0.03510782515810875
233.0	0.012669658168721688	-0.032814517013619586
234.0	0.012669579006681192	-0.03061373268024993
235.0	0.012669511531973649	-0.028495902208702153
236.0	0.01266945383979226	-0.02645247804987997
237.0	0.012669404389241174	-0.024475785640370132
238.0	0.012669361926252443	-0.022558897908296325
239.0	0.01266932542631364	-0.020695529194901894
240.0	0.012669294049234876	-0.01887994500805358
241.0	0.012669267103905969	-0.017106884742642017
242.0	0.012669244020728294	-0.015371495051349132
243.0	0.012669224329870927	-0.013669271989290918
244.0	0.012669207644782493	-0.011996010393703859
245.0	0.012669193647733407	-0.010347759225971198
246.0	0.012669182079881342	-0.008720781820319459
247.0	0.012669172732554452	-0.007111520147967155
248.0	0.012669165440644349	-0.005516562338764668
249.0	0.012669160077821463	-0.0039326128087311465
250.0	0.012669156552172807	-0.002356464417577628
251.0	0.012669154804063765	-0.0007849721498405173
252.0	0.012669154804016498	0.0007849721497385621
253.0	0.012669156552134792	0.00235646441758977
254.0	0.012669160077766846	0.0039326128086638185
255.0	0.012669165440583758	0.005516562338762122
256.0	0.01266917273239156	0.00711152014785369
257.0	0.012669182079735497	0.008720781820316782
258.0	0.012669193647687066	0.01034775922606567
259.0	0.012669207644730186	0.011996010393811674
260.0	0.012669224329995394	0.013669271989396185
261.0	0.012669244020806426	0.01537149505134381
262.0	0.012669267103973382	0.017106884742750714
263.0	0.012669294049247293	0.018879945008119143
264.0	0.012669325426253342	0.020695529194933962
265.0	0.01266936192619097	0.022558897908485476
266.0	0.012669404389207328	0.02447578564038328
267.0	0.012669453839932572	0.02645247804993598
268.0	0.012669511532080874	0.028495902208772652
269.0	0.012669579006628224	0.030613732680253372
270.0	0.012669658168714282	0.032814517013730886
271.0	0.01266975138489277	0.03510782515808555
272.0	0.012669861615690649	0.03750442851195335
273.0	0.012669992589171453	0.040016515907235636
274.0	0.012670149035870654	0.04265795592647373
275.0	0.01267033700692321	0.04544461777104696
276.0	0.012670564311563742	0.048394766685582
277.0	0.012670841123498656	0.05152955513141119
278.0	0.012671180834339546	0.0548736380392828
279.0	0.012671601269489819	0.05845595045016147
280.0	0.01267212644465121	0.06231069994670534
281.0	0.01267278914752839	0.06647864649754708
282.0	0.012673634793451806	0.0710087717431512
283.0	0.012674727296858486	0.07596048326910024
284.0	0.01267615819773655	0.08140656491485011
285.0	0.01267806117448883	0.08743718475254218
286.0	0.012680635716840711	0.09416543013408712
287.0	0.012684186846732299	0.1017350925940987
288.0	0.012689193922394471	0.1103318432169699
289.0	0.012696434180999507	0.12019964852502654
290.0	0.012707213880271857	0.13166552197102693
291.0	0.012723821699869436	0.14517797402977367
292.0	0.0127504685552022	0.16136883439361002
293.0	0.012795366663127083	0.18115672216239362
294.0	0.01287570207460901	0.20592860524741732
295.0	0.013030716230944206	0.23787686178819922
296.0	0.01336046882507046	0.280669082825533
297.0	0.014159667994752835	0.34089393589877987
298.0	0.016483913571610543	0.43150969289592667
299.0	0.02532588716032711	0.5810146526316448
300.0	0.07626757881074525	0.8578308344117179
301.0	0.562863624966428	1.219649282398904
302.0	0.5628636249665746	-1.2196492823986516
303.0	0.07626757881118143	-0.8578308344114952
304.0	0.025325887160212557	-0.5810146526317134
305.0	0.016483913571450192	-0.43150969289594293
306.0	0.014159667994616588	-0.34089393589882167
307.0	0.013360468825085093	-0.28066908282543673
308.0	0.013030716230796803	-0.23787686178820155
309.0	0.012875702074468077	-0.20592860524739542
310.0	0.012795366662974473	-0.18115672216235507
311.0	0.012750468555119344	-0.1613688343934983
312.0	0.012723821699828048	-0.14517797402974758
313.0	0.012707213880269453	-0.13166552197095666
314.0	0.012696434180979922	-0.12019964852499337
315.0	0.012689193922292891	-0.11033184321690588
316.0	0.012684186846782297	-0.10173509259405321
317.0	0.012680635716802741	-0.09416543013411974
318.0	0.012678061174579909	-0.08743718475247607
319.0	0.012676158197672023	-0.0814065649147506
320.0	0.012674727296784533	-0.07596048326912624
321.0	0.012673634793379802	-0.07100877174303595
322.0	0.012672789147657371	-0.06647864649726264
323.0	0.012672126444884814	-0.062310699946665875
324.0	0.012671601269710698	-0.05845595045017437
325.0	0.012671180834610985	-0.05487363803945561
326.0	0.012670841123518373	-0.0515295551314572
327.0	0.012670564311524092	-0.048394766685619116
328.0	0.012670337006895738	-0.04544461777103672
329.0	0.012670149035838974	-0.04265795592651747
330.0	0.012669992589191093	-0.04001651590722948
331.0	0.012669861615583389	-0.037504428512061413
332.0	0.012669751384826034	-0.03510782515806967
333.0	0.012669658168607184	-0.03281451701367671
334.0	0.012669579006618893	-0.03061373268029073
335.0	0.012669511531905854	-0.028495902208625724
336.0	0.012669453839833778	-0.02645247804985956
337.0	0.012669404389254886	-0.02447578564041151
338.0	0.012669361926221446	-0.02255889790837378
339.0	0.012669325426335344	-0.020695529194917836
340.0	0.012669294049243912	-0.018879945008152075
341.0	0.012669267103918525	-0.017106884742685322
342.0	0.012669244020731397	-0.01537149505130085
343.0	0.012669224329907297	-0.013669271989291602
344.0	0.01266920764482475	-0.011996010393693968
345.0	0.012669193647739892	-0.010347759225982073
346.0	0.012669182079843256	-0.008720781820315375
347.0	0.012669172732463714	-0.007111520147825883
348.0	0.012669165440592267	-0.005516562338753347
349.0	0.012669160077758852	-0.00393261280867495
350.0	0.012669156552144584	-0.0023564644175667875
351.0	0.012669154804046817	-0.0007849721497491628
352.0	0.012669154804024746	0.0007849721497336921
353.0	0.012669156552131355	0.0023564644175489754
354.0	0.01266916007771361	0.0039326128086661135
355.0	0.012669165440590435	0.00551656233878011
356.0	0.01266917273243967	0.007111520147852882
357.0	0.0126691820797955	0.008720781820324928
358.0	0.012669193647688915	0.01034775922603412
359.0	0.012669207644765668	0.011996010393822181
360.0	0.012669224329992651	0.013669271989360385
361.0	0.012669244020698751	0.01537149505129264
362.0	0.012669267103957016	0.017106884742728198
363.0	0.012669294049273062	0.01887994500810468
364.0	0.01266932542625769	0.020695529194899615
365.0	0.012669361926146972	0.022558897908453765
366.0	0.012669404389253276	0.02447578564051087
367.0	0.012669453839892087	0.02645247804991468
368.0	0.012669511531907242	0.028495902208666248
369.0	0.012669579006689032	0.03061373268027569
370.0	0.012669658168646125	0.03281451701371084
371.0	0.012669751384932787	0.035107825158057666
372.0	0.012669861615699263	0.03750442851206819
373.0	0.012669992589167768	0.04001651590721722
374.0	0.012670149035748868	0.042657955926516694
375.0	0.01267033700691833	0.04544461777099715
376.0	0.012670564311558786	0.048394766685549186
377.0	0.012670841123481541	0.05152955513140215
378.0	0.012671180834408553	0.05487363803933246
379.0	0.01267160126950488	0.05845595045012678
380.0	0.012672126444696103	0.06231069994671318
381.0	0.01267278914750638	0.0664786464975202
382.0	0.012673634793462209	0.07100877174320773
383.0	0.012674727296826893	0.07596048326918717
384.0	0.012676158197731158	0.08140656491483449
385.0	0.012678061174463424	0.08743718475251111
386.0	0.01268063571678918	0.09416543013408901
387.0	0.012684186846770857	0.10173509259414322
388.0	0.012689193922327459	0.11033184321693792
389.0	0.012696434180967598	0.12019964852508286
390.0	0.012707213880282715	0.13166552197102974
391.0	0.012723821699869471	0.1451779740297714
392.0	0.012750468555131934	0.16136883439356875
393.0	0.012795366663080055	0.18115672216235076
394.0	0.01287570207461395	0.20592860524737194
395.0	0.013030716230911	0.23787686178817063
396.0	0.013360468825067074	0.28066908282547065
397.0	0.014159667994854332	0.3408939358987542
398.0	0.016483913571568167	0.4315096928959342
399.0	0.025325887160093388	0.5810146526317048
400.0	0.07626757881094938	0.8578308344116143
401.0	0.5628636249663188	1.219649282399046
402.0	0.5628636249666669	-1.2196492823985188
403.0	0.07626757881092511	-0.8578308344116126
404.0	0.025325887160050353	-0.5810146526317744
405.0	0.016483913571562047	-0.4315096928959367
406.0	0.014159667994656566	-0.34089393589879585
407.0	0.01336046882499582	-0.2806690828255022
408.0	0.013030716230779749	-0.23787686178825995
409.0	0.012875702074504981	-0.20592860524736697
410.0	0.012795366663054987	-0.181156722162322
411.0	0.0127504685551312	-0.16136883439350602
412.0	0.012723821699869643	-0.14517797402979646
413.0	0.01270721388025144	-0.1316655219709608
414.0	0.012696434180956229	-0.12019964852498562
415.0	0.012689193922260762	-0.11033184321686931
416.0	0.012684186846798663	-0.10173509259405192
417.0	0.01268063571675131	-0.0941654301340985
418.0	0.012678061174438338	-0.08743718475252484
419.0	0.012676158197680476	-0.08140656491478138
420.0	0.012674727296758698	-0.07596048326909227
421.0	0.012673634793349299	-0.07100877174302937
422.0	0.012672789147603038	-0.06647864649730222
423.0	0.01267212644485673	-0.062310699946646564
424.0	0.012671601269690325	-0.058455950450141264
425.0	0.012671180834531642	-0.054873638039400874
426.0	0.012670841123503024	-0.05152955513146045
427.0	0.012670564311565869	-0.048394766685617714
428.0	0.012670337006923505	-0.04544461777101142
429.0	0.012670149035854117	-0.04265795592653249
430.0	0.012669992589176416	-0.040016515907272655
431.0	0.01266986161564071	-0.037504428512090224
432.0	0.01266975138486063	-0.03510782515808739
433.0	0.01266965816862925	-0.03281451701368208
434.0	0.012669579006658672	-0.030613732680285888
435.0	0.012669511531917138	-0.028495902208629794
436.0	0.012669453839871715	-0.026452478049918345
437.0	0.012669404389215533	-0.024475785640404524
438.0	0.012669361926219197	-0.022558897908309204
439.0	0.01266932542625311	-0.02069552919491919
440.0	0.01266929404925204	-0.018879945008152668
441.0	0.012669267103902883	-0.0171068847426679
442.0	0.012669244020752613	-0.015371495051302081
443.0	0.012669224329912444	-0.013669271989233737
444.0	0.012669207644772768	-0.011996010393743024
445.0	0.012669193647742345	-0.010347759225965368
446.0	0.012669182079848374	-0.008720781820299445
447.0	0.012669172732478074	-0.007111520147858411
448.0	0.012669165440606645	-0.005516562338755273
449.0	0.012669160077740826	-0.003932612808684998
450.0	0.01266915655215707	-0.0023564644176202174
451.0	0.01266915480406653	-0.0007849721497930639
452.0	0.012669154804056572	0.0007849721497515294
453.0	0.012669156552123884	0.0023564644175820245
454.0	0.012669160077715897	0.003932612808693221
455.0	0.012669165440675367	0.005516562338721608
456.0	0.012669172732439211	0.007111520147843705
457.0	0.012669182079765912	0.00872078182036188
458.0	0.012669193647684868	0.010347759226084774
459.0	0.012669207644734882	0.011996010393802353
460.0	0.012669224330007379	0.013669271989365423
461.0	0.012669244020729588	0.015371495051279533
462.0	0.012669267103870147	0.01710688474272483
463.0	0.012669294049289105	0.01887994500812958
464.0	0.01266932542625891	0.020695529194902383
465.0	0.012669361926201146	0.022558897908437955
466.0	0.012669404389205753	0.024475785640486535
467.0	0.012669453839894118	0.026452478049910563
468.0	0.01266951153196958	0.028495902208678765
469.0	0.012669579006671339	0.03061373268028796
470.0	0.012669658168700516	0.03281451701372746
471.0	0.012669751384922608	0.035107825158064355
472.0	0.012669861615700323	0.03750442851205063
473.0	0.012669992589188828	0.04001651590724324
474.0	0.012670149035867684	0.04265795592654842
475.0	0.01267033700693806	0.045444617770990355
476.0	0.012670564311526716	0.04839476668561624
477.0	0.012670841123465226	0.05152955513143514
478.0	0.012671180834432617	0.0548736380393414
479.0	0.012671601269519018	0.05845595045015927
480.0	0.012672126444709842	0.062310699946699466
481.0	0.012672789147506348	0.06647864649757416
482.0	0.012673634793428791	0.07100877174320128
483.0	0.01267472729688305	0.07596048326907662
484.0	0.012676158197710714	0.08140656491480247
485.0	0.012678061174489615	0.08743718475246287
486.0	0.012680635716777461	0.09416543013410292
487.0	0.012684186846769058	0.10173509259414566
488.0	0.012689193922336745	0.11033184321691425
489.0	0.012696434180990247	0.12019964852507126
490.0	0.012707213880317182	0.1316655219710382
491.0	0.012723821699840949	0.14517797402977226
492.0	0.012750468555167017	0.16136883439356822
493.0	0.012795366663033348	0.1811567221624218
494.0	0.012875702074587837	0.20592860524741893
495.0	0.013030716230906514	0.23787686178817524
496.0	0.013360468825037719	0.28066908282550446
497.0	0.014159667994819804	0.340893935898738
498.0	0.016483913571511032	0.431509692895935
499.0	0.025325887160239036	0.5810146526316733
500.0	0.07626757881090099	0.857830834411638
501.0	0.5628636249666255	1.2196492823986078
502.0	0.5628636249667605	-1.2196492823984153
503.0	0.07626757881104498	-0.8578308344115687
504.0	0.025325887160099838	-0.5810146526317895
505.0	0.016483913571412212	-0.43150969289601804
506.0	0.014159667994706394	-0.3408939358987837
507.0	0.013360468825029993	-0.2806690828254825
508.0	0.013030716230799167	-0.23787686178817968
509.0	0.012875702074566632	-0.20592860524737233
510.0	0.012795366662993269	-0.18115672216234224
511.0	0.012750468555156004	-0.1613688343934907
512.0	0.01272382169984685	-0.14517797402971858
513.0	0.012707213880216107	-0.13166552197094114
514.0	0.012696434180939865	-0.12019964852499934
515.0	0.012689193922265264	-0.1103318432168554
516.0	0.012684186846779261	-0.10173509259411953
517.0	0.012680635716789169	-0.09416543013405938
518.0	0.012678061174509814	-0.08743718475251122
519.0	0.012676158197717353	-0.08140656491483754
520.0	0.012674727296783218	-0.07596048326911409
521.0	0.012673634793345235	-0.07100877174308184
522.0	0.01267278914761737	-0.06647864649733097
523.0	0.012672126444804411	-0.06231069994668403
524.0	0.012671601269624534	-0.05845595045013168
525.0	0.012671180834469976	-0.05487363803939445
526.0	0.01267084112347533	-0.05152955513146912
527.0	0.012670564311604154	-0.04839476668566407
528.0	0.012670337006955974	-0.04544461777100171
529.0	0.012670149035832535	-0.04265795592647864
530.0	0.012669992589164581	-0.0400165159072429
531.0	0.012669861615628976	-0.03750442851204845
532.0	0.012669751384866035	-0.03510782515807476
533.0	0.012669658168657212	-0.032814517013707405
534.0	0.012669579006645127	-0.030613732680300678
535.0	0.012669511531917777	-0.02849590220863954
536.0	0.012669453839856949	-0.026452478049901057
537.0	0.01266940438922078	-0.02447578564043043
538.0	0.012669361926262735	-0.022558897908343728
539.0	0.012669325426323775	-0.02069552919491767
540.0	0.012669294049248526	-0.018879945008156138
541.0	0.012669267103915367	-0.01710688474270795
542.0	0.01266924402075318	-0.015371495051302218
543.0	0.01266922432992061	-0.01366927198930104
544.0	0.012669207644782283	-0.011996010393704862
545.0	0.012669193647738048	-0.010347759225984743
546.0	0.012669182079825243	-0.00872078182030451
547.0	0.012669172732460921	-0.007111520147870601
548.0	0.012669165440624337	-0.005516562338723409
549.0	0.012669160077757348	-0.0039326128086784205
550.0	0.012669156552174644	-0.0023564644175681024
551.0	0.01266915480406084	-0.0007849721497762249
552.0	0.012669154804039524	0.0007849721497639049
553.0	0.01266915655211831	0.002356464417580053
554.0	0.01266916007775696	0.003932612808710608
555.0	0.012669165440589193	0.005516562338751053
556.0	0.012669172732469043	0.007111520147844654
557.0	0.012669182079801106	0.008720781820356398
558.0	0.012669193647680316	0.010347759225991654
559.0	0.012669207644781922	0.011996010393790495
560.0	0.012669224329979656	0.013669271989353644
561.0	0.012669244020703874	0.015371495051288346
562.0	0.012669267103949083	0.01710688474273286
563.0	0.012669294049257908	0.018879945008096678
564.0	0.012669325426240264	0.02069552919489893
565.0	0.01266936192614242	0.022558897908415393
566.0	0.01266940438924673	0.02447578564047266
567.0	0.012669453839884881	0.026452478049934048
568.0	0.012669511531946199	0.028495902208676562
569.0	0.012669579006694583	0.030613732680299252
570.0	0.012669658168696175	0.032814517013734605
571.0	0.012669751384967481	0.03510782515808932
572.0	0.012669861615685719	0.037504428512043296
573.0	0.01266999258912423	0.040016515907235796
574.0	0.0126701490358078	0.042657955926473576
575.0	0.01267033700690688	0.0454446177709918
576.0	0.01267056431153456	0.048394766685602414
577.0	0.012670841123478932	0.051529555131406904
578.0	0.012671180834422348	0.05487363803931164
579.0	0.012671601269535144	0.05845595045014788
580.0	0.012672126444728538	0.06231069994670634
581.0	0.012672789147549185	0.06647864649751484
582.0	0.012673634793420475	0.0710087717432008
583.0	0.012674727296817479	0.07596048326913235
584.0	0.012676158197700838	0.08140656491483822
585.0	0.01267806117445916	0.08743718475252316
586.0	0.012680635716774491	0.09416543013411457
587.0	0.012684186846814932	0.10173509259412997
588.0	0.012689193922260401	0.1103318432169425
589.0	0.012696434181006706	0.12019964852505359
590.0	0.012707213880303598	0.13166552197099698
591.0	0.012723821699839922	0.1451779740297848
592.0	0.012750468555094263	0.1613688343935476
593.0	0.012795366663035136	0.1811567221623608
594.0	0.012875702074551056	0.20592860524740272
595.0	0.013030716230837026	0.23787686178821008
596.0	0.013360468825056938	0.2806690828254864
597.0	0.014159667994768345	0.3408939358987614
598.0	0.016483913571662758	0.4315096928958891
599.0	0.025325887160199057	0.5810146526317201
600.0	0.07626757881112023	0.8578308344115272
601.0	0.5628636249665221	1.2196492823987368
602.0	0.5628636249666888	-1.2196492823984975
603.0	0.07626757881094562	-0.8578308344116528
604.0	0.025325887160270066	-0.5810146526317038
605.0	0.016483913571517995	-0.43150969289591856
606.0	0.014159667994707293	-0.340893935898769
607.0	0.013360468824953377	-0.280669082825526
608.0	0.013030716230804307	-0.237876861788203
609.0	0.012875702074491447	-0.2059286052473822
610.0	0.01279536666304062	-0.18115672216231418
611.0	0.012750468555072426	-0.1613688343935924
612.0	0.01272382169981045	-0.14517797402973442
613.0	0.012707213880320695	-0.13166552197093864
614.0	0.012696434180974926	-0.12019964852500031
615.0	0.012689193922290537	-0.1103318432168141
616.0	0.012684186846736951	-0.10173509259406464
617.0	0.012680635716800831	-0.09416543013409673
618.0	0.012678061174509432	-0.0874371847525196
619.0	0.012676158197722815	-0.0814065649147794
620.0	0.012674727296778078	-0.07596048326912035
621.0	0.012673634793361872	-0.0710087717430722
622.0	0.012672789147604658	-0.0664786464973384
623.0	0.012672126444838883	-0.062310699946653295
624.0	0.01267160126966409	-0.058455950450121856
625.0	0.01267118083449399	-0.054873638039400575
626.0	0.012670841123472137	-0.05152955513145966
627.0	0.012670564311537187	-0.048394766685609686
628.0	0.012670337006931787	-0.04544461777102672
629.0	0.012670149035842038	-0.04265795592650815
630.0	0.012669992589126695	-0.04001651590721654
631.0	0.012669861615644784	-0.037504428512076304
632.0	0.012669751384898897	-0.03510782515804438
633.0	0.01266965816869392	-0.03281451701373404
634.0	0.012669579006662619	-0.030613732680274452
635.0	0.012669511531894263	-0.028495902208625704
636.0	0.01266945383985576	-0.026452478049887082
637.0	0.012669404389208118	-0.024475785640414555
638.0	0.012669361926196266	-0.022558897908411035
639.0	0.012669325426300511	-0.020695529194883565
640.0	0.012669294049259677	-0.01887994500813615
641.0	0.012669267103927734	-0.017106884742681766
642.0	0.012669244020720106	-0.01537149505131971
643.0	0.012669224329918616	-0.013669271989301401
644.0	0.012669207644773368	-0.011996010393745113
645.0	0.012669193647740568	-0.010347759226009522
646.0	0.012669182079799418	-0.008720781820314865
647.0	0.01266917273248438	-0.007111520147873022
648.0	0.012669165440611347	-0.005516562338766116
649.0	0.012669160077729598	-0.0039326128086458936
650.0	0.012669156552140716	-0.002356464417566638
651.0	0.012669154804045275	-0.00078497214977406
652.0	0.012669154804039923	0.0007849721497540142
653.0	0.012669156552112993	0.0023564644175764217
654.0	0.012669160077738335	0.0039326128086870325
655.0	0.01266916544059426	0.005516562338760886
656.0	0.012669172732459289	0.007111520147833198
657.0	0.012669182079772457	0.00872078182032445
658.0	0.01266919364766006	0.010347759226028305
659.0	0.012669207644790088	0.011996010393795277
660.0	0.012669224329960477	0.013669271989312738
661.0	0.01266924402070237	0.015371495051299797
662.0	0.012669267103976723	0.017106884742709418
663.0	0.012669294049245562	0.01887994500810242
664.0	0.012669325426276485	0.020695529194906498
665.0	0.012669361926154633	0.022558897908396797
666.0	0.012669404389241768	0.024475785640486428
667.0	0.012669453839907963	0.02645247804991631
668.0	0.012669511531908706	0.028495902208606833
669.0	0.012669579006655713	0.030613732680285007
670.0	0.01266965816866536	0.03281451701373453
671.0	0.012669751384891232	0.035107825158066264
672.0	0.0126698616156888	0.03750442851206805
673.0	0.012669992589145125	0.04001651590720635
674.0	0.01267014903582025	0.042657955926476664
675.0	0.012670337006905952	0.04544461777097656
676.0	0.012670564311527839	0.04839476668558596
677.0	0.012670841123472894	0.051529555131422336
678.0	0.012671180834391421	0.05487363803933881
679.0	0.01267160126954401	0.05845595045014055
680.0	0.012672126444726962	0.0623106999467106
681.0	0.012672789147548337	0.0664786464974731
682.0	0.012673634793403438	0.07100877174317488
683.0	0.012674727296808476	0.07596048326913044
684.0	0.012676158197721455	0.0814065649147967
685.0	0.012678061174465488	0.08743718475252445
686.0	0.0126806357167922	0.09416543013410437
687.0	0.012684186846775131	0.10173509259411098
688.0	0.012689193922268433	0.11033184321692172
689.0	0.012696434180992595	0.12019964852504839
690.0	0.012707213880278873	0.13166552197100004
691.0	0.012723821699872313	0.14517797402976962
692.0	0.012750468555133976	0.16136883439356184
693.0	0.012795366663064345	0.18115672216233197
694.0	0.012875702074563788	0.20592860524738563
695.0	0.013030716230820739	0.23787686178821024
696.0	0.013360468825014972	0.2806690828254999
697.0	0.014159667994721781	0.340893935898779
698.0	0.016483913571563303	0.4315096928958981
699.0	0.02532588716025628	0.581014652631691
700.0	0.07626757881103408	0.8578308344116083
701.0	0.5628636249666127	1.219649282398612
702.0	0.5628636249665702	-1.2196492823986667
703.0	0.07626757881103992	-0.8578308344115911
704.0	0.025325887160210326	-0.5810146526317274
705.0	0.016483913571568688	-0.43150969289590546
706.0	0.01415966799475339	-0.3408939358987644
707.0	0.013360468824973083	-0.28066908282548825
708.0	0.01303071623079215	-0.23787686178820822
709.0	0.012875702074524998	-0.2059286052474069
710.0	0.012795366663052721	-0.1811567221623179
711.0	0.012750468555112105	-0.1613688343935377
712.0	0.012723821699818434	-0.1451779740297448
713.0	0.01270721388026419	-0.13166552197097928
714.0	0.012696434180994504	-0.12019964852500098
715.0	0.012689193922307601	-0.11033184321686557
716.0	0.012684186846781282	-0.10173509259407715
717.0	0.012680635716776545	-0.09416543013407086
718.0	0.012678061174501126	-0.08743718475250294
719.0	0.012676158197725485	-0.08140656491477058
720.0	0.012674727296798062	-0.07596048326912215
721.0	0.01267363479335475	-0.07100877174312539
722.0	0.012672789147579794	-0.06647864649736394
723.0	0.012672126444812233	-0.06231069994666569
724.0	0.012671601269631372	-0.05845595045014599
725.0	0.012671180834488677	-0.05487363803937461
726.0	0.01267084112350685	-0.05152955513145795
727.0	0.012670564311533895	-0.04839476668560532
728.0	0.012670337006928961	-0.045444617771010276
729.0	0.012670149035852002	-0.04265795592652437
730.0	0.012669992589152614	-0.040016515907269054
731.0	0.012669861615667433	-0.03750442851206118
732.0	0.012669751384869499	-0.03510782515805181
733.0	0.01266965816865447	-0.032814517013690245
734.0	0.012669579006662835	-0.030613732680273786
735.0	0.012669511531918582	-0.02849590220863298
736.0	0.01266945383987065	-0.02645247804989726
737.0	0.012669404389242479	-0.024475785640418232
738.0	0.01266936192620678	-0.022558897908377108
739.0	0.012669325426296974	-0.02069552919490824
740.0	0.012669294049246327	-0.018879945008133888
741.0	0.012669267103910677	-0.017106884742706035
742.0	0.01266924402072523	-0.015371495051290526
743.0	0.012669224329941414	-0.013669271989287158
744.0	0.012669207644779091	-0.01199601039375057
745.0	0.012669193647692385	-0.010347759226004208
746.0	0.012669182079813957	-0.00872078182032919
747.0	0.012669172732465712	-0.007111520147859578
748.0	0.012669165440595221	-0.005516562338747542
749.0	0.012669160077752435	-0.003932612808685993
750.0	0.012669156552143075	-0.0023564644175671293
751.0	0.012669154804040923	-0.000784972149772556
752.0	0.012669154804045124	0.0007849721497610592
753.0	0.012669156552132584	0.002356464417585399
754.0	0.01266916007774256	0.003932612808685393
755.0	0.012669165440598519	0.005516562338740646
756.0	0.012669172732455143	0.007111520147847095
757.0	0.012669182079790509	0.008720781820307165
758.0	0.012669193647692145	0.010347759226076298
759.0	0.012669207644784986	0.011996010393799819
760.0	0.01266922432995899	0.013669271989337565
761.0	0.012669244020718473	0.015371495051315957
762.0	0.012669267103959837	0.017106884742702284
763.0	0.012669294049270648	0.018879945008110726
764.0	0.012669325426270396	0.02069552919490715
765.0	0.01266936192618336	0.022558897908395634
766.0	0.012669404389210027	0.02447578564045782
767.0	0.0126694538398835	0.02645247804992254
768.0	0.012669511531935336	0.028495902208637236
769.0	0.012669579006674349	0.030613732680292573
770.0	0.012669658168676169	0.032814517013729554
771.0	0.01266975138489519	0.03510782515806734
772.0	0.012669861615676958	0.03750442851205981
773.0	0.01266999258915973	0.0400165159072353
774.0	0.012670149035843199	0.04265795592647832
775.0	0.01267033700692365	0.045444617770987905
776.0	0.012670564311531914	0.048394766685573534
777.0	0.012670841123467459	0.051529555131417965
778.0	0.01267118083442469	0.05487363803936721
779.0	0.01267160126955491	0.05845595045013455
780.0	0.012672126444753984	0.06231069994670634
781.0	0.012672789147566971	0.06647864649746447
782.0	0.01267363479341483	0.07100877174315963
783.0	0.012674727296809941	0.07596048326913887
784.0	0.012676158197709715	0.08140656491480215
785.0	0.012678061174486678	0.08743718475248749
786.0	0.012680635716803175	0.0941654301340957
787.0	0.012684186846743634	0.10173509259411842
788.0	0.012689193922302567	0.11033184321690533
789.0	0.012696434180978551	0.12019964852503338
790.0	0.012707213880289793	0.1316655219709935
791.0	0.012723821699855871	0.14517797402976468
792.0	0.012750468555131223	0.16136883439355704
793.0	0.012795366663065156	0.18115672216235038
794.0	0.012875702074571983	0.205928605247381
795.0	0.01303071623080112	0.2378768617882109
796.0	0.013360468825048967	0.2806690828254917
797.0	0.014159667994767056	0.3408939358987546
798.0	0.016483913571582767	0.4315096928959061
799.0	0.025325887160184624	0.581014652631718
800.0	0.07626757881096698	0.8578308344116385
801.0	0.5628636249665124	1.219649282398755
802.0	0.5628636249665847	-1.2196492823986422
803.0	0.07626757881103542	-0.857830834411606
804.0	0.02532588716016894	-0.5810146526317269
805.0	0.01648391357153497	-0.43150969289592933
806.0	0.014159667994714888	-0.3408939358987873
807.0	0.013360468825001692	-0.2806690828254975
808.0	0.013030716230804196	-0.23787686178821527
809.0	0.012875702074518769	-0.20592860524738366
810.0	0.012795366663064401	-0.1811567221623256
811.0	0.012750468555114403	-0.16136883439353603
812.0	0.012723821699844002	-0.14517797402974073
813.0	0.012707213880277802	-0.13166552197097725
814.0	0.012696434180965844	-0.12019964852502084
815.0	0.012689193922303766	-0.11033184321689643
816.0	0.0126841868467725	-0.1017350925940745
817.0	0.012680635716790829	-0.09416543013407018
818.0	0.012678061174503258	-0.0874371847525313
819.0	0.012676158197688726	-0.08140656491478299
820.0	0.012674727296798693	-0.0759604832691315
821.0	0.012673634793391576	-0.07100877174310381
822.0	0.01267278914759028	-0.0664786464973827
823.0	0.012672126444811017	-0.06231069994667492
824.0	0.012671601269620032	-0.058455950450146045
825.0	0.012671180834476237	-0.05487363803938037
826.0	0.012670841123493454	-0.05152955513144402
827.0	0.01267056431153852	-0.04839476668561052
828.0	0.012670337006934214	-0.045444617771015924
829.0	0.012670149035819867	-0.04265795592650751
830.0	0.012669992589144714	-0.04001651590725477
831.0	0.012669861615659729	-0.03750442851205704
832.0	0.012669751384877926	-0.03510782515808364
833.0	0.012669658168661913	-0.032814517013717584
834.0	0.012669579006664662	-0.03061373268027115
835.0	0.012669511531928091	-0.028495902208640303
836.0	0.01266945383987429	-0.02645247804988779
837.0	0.012669404389229744	-0.024475785640428203
838.0	0.012669361926191936	-0.022558897908371397
839.0	0.012669325426306388	-0.020695529194891805
840.0	0.012669294049260494	-0.01887994500813192
841.0	0.012669267103934984	-0.01710688474270595
842.0	0.0126692440207271	-0.015371495051301419
843.0	0.012669224329937896	-0.013669271989311955
844.0	0.012669207644780989	-0.011996010393753594
845.0	0.012669193647691058	-0.010347759226006234
846.0	0.012669182079814502	-0.00872078182032411
847.0	0.012669172732470153	-0.00711152014784705
848.0	0.01266916544061348	-0.005516562338747132
849.0	0.012669160077755481	-0.003932612808682764
850.0	0.012669156552131917	-0.0023564644175795594
851.0	0.012669154804046734	-0.0007849721497922449
852.0	0.012669154804043493	0.0007849721497457772
853.0	0.01266915655212595	0.002356464417585321
854.0	0.012669160077742748	0.0039326128086915055
855.0	0.012669165440603493	0.005516562338743768
856.0	0.01266917273244962	0.00711152014784615
857.0	0.01266918207979173	0.008720781820323115
858.0	0.01266919364767915	0.01034775922603447
859.0	0.012669207644777969	0.011996010393781642
860.0	0.01266922432995738	0.013669271989319285
861.0	0.01266924402072185	0.01537149505128817
862.0	0.012669267103944788	0.01710688474270613
863.0	0.012669294049266477	0.01887994500813186
864.0	0.012669325426285356	0.020695529194905686
865.0	0.012669361926183821	0.02255889790840599
866.0	0.012669404389226003	0.024475785640460164
867.0	0.012669453839877233	0.02645247804991225
868.0	0.012669511531930511	0.02849590220864678
869.0	0.012669579006664067	0.03061373268027098
870.0	0.012669658168662746	0.03281451701372403
871.0	0.012669751384882945	0.03510782515807526
872.0	0.012669861615674982	0.03750442851206428
873.0	0.012669992589154667	0.040016515907241
874.0	0.012670149035834322	0.042657955926482714
875.0	0.01267033700692688	0.04544461777099857
876.0	0.012670564311540023	0.04839476668559959
877.0	0.012670841123481193	0.05152955513144301
878.0	0.012671180834445007	0.05487363803936608
879.0	0.012671601269568011	0.05845595045013187
880.0	0.01267212644476774	0.0623106999466837
881.0	0.012672789147572562	0.0664786464974374
882.0	0.012673634793397793	0.07100877174316066
883.0	0.012674727296818167	0.07596048326913735
884.0	0.012676158197713745	0.08140656491478845
885.0	0.012678061174488903	0.08743718475252737
886.0	0.01268063571678988	0.09416543013408762
887.0	0.012684186846776647	0.10173509259410762
888.0	0.0126891939222901	0.11033184321690748
889.0	0.012696434180976596	0.12019964852503824
890.0	0.012707213880288488	0.1316655219709815
891.0	0.012723821699857413	0.14517797402975374
892.0	0.012750468555137895	0.16136883439354646
893.0	0.012795366663069175	0.18115672216234574
894.0	0.012875702074544982	0.20592860524739
895.0	0.013030716230824647	0.23787686178820155
896.0	0.01336046882503863	0.28066908282548986
897.0	0.014159667994751513	0.34089393589875927
898.0	0.016483913571541366	0.4315096928959272
899.0	0.025325887160172113	0.5810146526317008
900.0	0.07626757881100192	0.8578308344116092
901.0	0.5628636249666047	1.2196492823986278
902.0	0.5628636249665441	-1.219649282398703
903.0	0.07626757881103513	-0.8578308344116004
904.0	0.02532588716019407	-0.5810146526317076
905.0	0.016483913571531405	-0.43150969289592905
906.0	0.014159667994736204	-0.3408939358987786
907.0	0.013360468825008832	-0.2806690828254989
908.0	0.013030716230794093	-0.23787686178820283
909.0	0.012875702074547102	-0.20592860524738446
910.0	0.01279536666305644	-0.18115672216233758
911.0	0.012750468555116346	-0.16136883439354008
912.0	0.012723821699836442	-0.14517797402974908
913.0	0.012707213880279351	-0.13166552197098466
914.0	0.012696434180969675	-0.12019964852502261
915.0	0.012689193922296588	-0.11033184321689804
916.0	0.012684186846779633	-0.10173509259409566
917.0	0.01268063571678666	-0.09416543013407941
918.0	0.012678061174495981	-0.0874371847525109
919.0	0.012676158197714067	-0.08140656491478715
920.0	0.012674727296803452	-0.07596048326912587
921.0	0.01267363479338935	-0.07100877174311813
922.0	0.012672789147582431	-0.06647864649740072
923.0	0.012672126444794896	-0.062310699946671155
924.0	0.012671601269598716	-0.05845595045013102
925.0	0.012671180834459667	-0.054873638039373264
926.0	0.012670841123482136	-0.05152955513144212
927.0	0.012670564311539102	-0.048394766685610394
928.0	0.012670337006924782	-0.04544461777100012
929.0	0.012670149035827772	-0.04265795592649242
930.0	0.012669992589154312	-0.04001651590724515
931.0	0.012669861615666479	-0.03750442851206038
932.0	0.012669751384887407	-0.0351078251580647
933.0	0.012669658168666886	-0.032814517013715946
934.0	0.012669579006665599	-0.030613732680283084
935.0	0.012669511531925116	-0.028495902208645413
936.0	0.012669453839877543	-0.026452478049907496
937.0	0.012669404389221995	-0.024475785640425754
938.0	0.012669361926189115	-0.02255889790839185
939.0	0.012669325426293378	-0.020695529194889366
940.0	0.012669294049258963	-0.018879945008130918
941.0	0.012669267103939086	-0.01710688474270021
942.0	0.01266924402072518	-0.015371495051296659
943.0	0.012669224329942504	-0.013669271989309588
944.0	0.012669207644776088	-0.011996010393764566
945.0	0.012669193647691358	-0.01034775922602126
946.0	0.012669182079811348	-0.008720781820324942
947.0	0.012669172732462803	-0.007111520147847103
948.0	0.012669165440607578	-0.005516562338753384
949.0	0.01266916007774887	-0.003932612808685355
950.0	0.012669156552132	-0.0023564644175793465
951.0	0.012669154804043948	-0.0007849721497695498
952.0	0.012669154804039262	0.0007849721497621247
953.0	0.012669156552131428	0.002356464417578549
954.0	0.012669160077742088	0.0039326128086803625
955.0	0.0126691654406016	0.005516562338748976
956.0	0.012669172732457946	0.007111520147846495
957.0	0.012669182079797349	0.008720781820320678
958.0	0.012669193647686273	0.010347759226027622
959.0	0.01266920764477626	0.01199601039377343
960.0	0.01266922432995214	0.013669271989316162
961.0	0.012669244020724769	0.015371495051295378
962.0	0.012669267103940774	0.01710688474270249
963.0	0.012669294049260722	0.018879945008125537
964.0	0.01266932542628445	0.02069552919489766
965.0	0.01266936192618593	0.02255889790839896
966.0	0.012669404389228013	0.024475785640436832
967.0	0.012669453839882362	0.026452478049906875
968.0	0.012669511531920986	0.028495902208649605
969.0	0.012669579006665621	0.03061373268028176
970.0	0.012669658168668236	0.032814517013717986
971.0	0.012669751384887679	0.035107825158065355
972.0	0.012669861615669277	0.03750442851205879
973.0	0.012669992589156565	0.04001651590724277
974.0	0.012670149035828455	0.04265795592648979
975.0	0.012670337006924104	0.04544461777099952
976.0	0.01267056431153611	0.04839476668560684
977.0	0.012670841123481897	0.0515295551314396
978.0	0.012671180834453583	0.054873638039373375
979.0	0.012671601269584394	0.0584559504501312
980.0	0.012672126444778255	0.06231069994668035
981.0	0.012672789147573272	0.06647864649741812
982.0	0.01267363479339616	0.07100877174313057
983.0	0.012674727296810184	0.07596048326913421
984.0	0.012676158197709286	0.08140656491479033
985.0	0.012678061174491124	0.08743718475251114
986.0	0.012680635716785016	0.09416543013408302
987.0	0.012684186846776413	0.10173509259410102
988.0	0.01268919392229443	0.11033184321690291
989.0	0.012696434180972294	0.1201996485250281
990.0	0.01270721388029087	0.13166552197098022
991.0	0.012723821699851902	0.14517797402975344
992.0	0.012750468555127037	0.16136883439354296
993.0	0.012795366663061192	0.18115672216234263
994.0	0.01287570207454506	0.20592860524739076
995.0	0.013030716230817741	0.23787686178820733
996.0	0.013360468825021522	0.280669082825494
997.0	0.014159667994738301	0.3408939358987707
998.0	0.016483913571542164	0.43150969289592433
999.0	0.025325887160195338	0.5810146526317113
1000.0	0.07626757881100961	0.8578308344116077
1001.0	0.5628636249665862	1.2196492823986491
1002.0	0.5628636249665862	-1.2196492823986491
1003.0	0.07626757881100961	-0.8578308344116077
1004.0	0.025325887160195338	-0.5810146526317113
1005.0	0.016483913571542164	-0.43150969289592433
1006.0	0.014159667994738301	-0.3408939358987707
1007.0	0.013360468825021522	-0.280669082825494
1008.0	0.013030716230817741	-0.23787686178820733
1009.0	0.01287570207454506	-0.20592860524739076
1010.0	0.012795366663061192	-0.18115672216234263
1011.0	0.012750468555127037	-0.16136883439354296
1012.0	0.012723821699851902	-0.14517797402975344
1013.0	0.01270721388029087	-0.13166552197098022
1014.0	0.012696434180972294	-0.1201996485250281
1015.0	0.01268919392229443	-0.11033184321690291
1016.0	0.012684186846776413	-0.10173509259410102
1017.0	0.012680635716785016	-0.09416543013408302
1018.0	0.012678061174491124	-0.08743718475251114
1019.0	0.012676158197709286	-0.08140656491479033
1020.0	0.012674727296810184	-0.07596048326913421
1021.0	0.01267363479339616	-0.07100877174313057
1022.0	0.012672789147573272	-0.06647864649741812
1023.0	0.012672126444778255	-0.06231069994668035
1024.0	0.012671601269584394	-0.0584559504501312
1025.0	0.012671180834453583	-0.054873638039373375
1026.0	0.012670841123481897	-0.0515295551314396
1027.0	0.01267056431153611	-0.04839476668560684
1028.0	0.012670337006924104	-0.04544461777099952
1029.0	0.012670149035828455	-0.04265795592648979
1030.0	0.012669992589156565	-0.04001651590724277
1031.0	0.012669861615669277	-0.03750442851205879
1032.0	0.012669751384887679	-0.035107825158065355
1033.0	0.012669658168668236	-0.032814517013717986
1034.0	0.012669579006665621	-0.03061373268028176
1035.0	0.012669511531920986	-0.028495902208649605
1036.0	0.012669453839882362	-0.026452478049906875
1037.0	0.012669404389228013	-0.024475785640436832
1038.0	0.01266936192618593	-0.02255889790839896
1039.0	0.01266932542628445	-0.02069552919489766
1040.0	0.012669294049260722	-0.018879945008125537
1041.0	0.012669267103940774	-0.01710688474270249
1042.0	0.012669244020724769	-0.015371495051295378
1043.0	0.01266922432995214	-0.013669271989316162
1044.0	0.01266920764477626	-0.01199601039377343
1045.0	0.012669193647686273	-0.010347759226027622
1046.0	0.012669182079797349	-0.008720781820320678
1047.0	0.012669172732457946	-0.007111520147846495
1048.0	0.0126691654406016	-0.005516562338748976
1049.0	0.012669160077742088	-0.0039326128086803625
1050.0	0.012669156552131428	-0.002356464417578549
1051.0	0.012669154804039262	-0.0007849721497621247
1052.0	0.012669154804043948	0.0007849721497695498
1053.0	0.012669156552132	0.0023564644175793465
1054.0	0.01266916007774887	0.003932612808685355
1055.0	0.012669165440607578	0.005516562338753384
1056.0	0.012669172732462803	0.007111520147847103
1057.0	0.012669182079811348	0.008720781820324942
1058.0	0.012669193647691358	0.01034775922602126
1059.0	0.012669207644776088	0.011996010393764566
1060.0	0.012669224329942504	0.013669271989309588
1061.0	0.01266924402072518	0.015371495051296659
1062.0	0.012669267103939086	0.01710688474270021
1063.0	0.012669294049258963	0.018879945008130918
1064.0	0.012669325426293378	0.020695529194889366
1065.0	0.012669361926189115	0.02255889790839185
1066.0	0.012669404389221995	0.024475785640425754
1067.0	0.012669453839877543	0.026452478049907496
1068.0	0.012669511531925116	0.028495902208645413
1069.0	0.012669579006665599	0.030613732680283084
1070.0	0.012669658168666886	0.032814517013715946
1071.0	0.012669751384887407	0.0351078251580647
1072.0	0.012669861615666479	0.03750442851206038
1073.0	0.012669992589154312	0.04001651590724515
1074.0	0.012670149035827772	0.04265795592649242
1075.0	0.012670337006924782	0.04544461777100012
1076.0	0.012670564311539102	0.048394766685610394
1077.0	0.012670841123482136	0.05152955513144212
1078.0	0.012671180834459667	0.054873638039373264
1079.0	0.012671601269598716	0.05845595045013102
1080.0	0.012672126444794896	0.062310699946671155
1081.0	0.012672789147582431	0.06647864649740072
1082.0	0.01267363479338935	0.07100877174311813
1083.0	0.012674727296803452	0.07596048326912587
1084.0	0.012676158197714067	0.08140656491478715
1085.0	0.012678061174495981	0.0874371847525109
1086.0	0.01268063571678666	0.09416543013407941
1087.0	0.012684186846779633	0.10173509259409566
1088.0	0.012689193922296588	0.11033184321689804
1089.0	0.012696434180969675	0.12019964852502261
1090.0	0.012707213880279351	0.13166552197098466
1091.0	0.012723821699836442	0.14517797402974908
1092.0	0.012750468555116346	0.16136883439354008
1093.0	0.01279536666305644	0.18115672216233758
1094.0	0.012875702074547102	0.20592860524738446
1095.0	0.013030716230794093	0.23787686178820283
1096.0	0.013360468825008832	0.2806690828254989
1097.0	0.014159667994736204	0.3408939358987786
1098.0	0.016483913571531405	0.43150969289592905
1099.0	0.02532588716019407	0.5810146526317076
1100.0	0.07626757881103513	0.8578308344116004
1101.0	0.5628636249665441	1.219649282398703
1102.0	0.5628636249666047	-1.2196492823986278
1103.0	0.07626757881100192	-0.8578308344116092
1104.0	0.025325887160172113	-0.5810146526317008
1105.0	0.016483913571541366	-0.4315096928959272
1106.0	0.014159667994751513	-0.34089393589875927
1107.0	0.01336046882503863	-0.28066908282548986
1108.0	0.013030716230824647	-0.23787686178820155
1109.0	0.012875702074544982	-0.20592860524739
1110.0	0.012795366663069175	-0.18115672216234574
1111.0	0.012750468555137895	-0.16136883439354646
1112.0	0.012723821699857413	-0.14517797402975374
1113.0	0.012707213880288488	-0.1316655219709815
1114.0	0.012696434180976596	-0.12019964852503824
1115.0	0.0126891939222901	-0.11033184321690748
1116.0	0.012684186846776647	-0.10173509259410762
1117.0	0.01268063571678988	-0.09416543013408762
1118.0	0.012678061174488903	-0.08743718475252737
1119.0	0.012676158197713745	-0.08140656491478845
1120.0	0.012674727296818167	-0.07596048326913735
1121.0	0.012673634793397793	-0.07100877174316066
1122.0	0.012672789147572562	-0.0664786464974374
1123.0	0.01267212644476774	-0.0623106999466837
1124.0	0.012671601269568011	-0.05845595045013187
1125.0	0.012671180834445007	-0.05487363803936608
1126.0	0.012670841123481193	-0.05152955513144301
1127.0	0.012670564311540023	-0.04839476668559959
1128.0	0.01267033700692688	-0.04544461777099857
1129.0	0.012670149035834322	-0.042657955926482714
1130.0	0.012669992589154667	-0.040016515907241
1131.0	0.012669861615674982	-0.03750442851206428
1132.0	0.012669751384882945	-0.03510782515807526
1133.0	0.012669658168662746	-0.03281451701372403
1134.0	0.012669579006664067	-0.03061373268027098
1135.0	0.012669511531930511	-0.02849590220864678
1136.0	0.012669453839877233	-0.02645247804991225
1137.0	0.012669404389226003	-0.024475785640460164
1138.0	0.012669361926183821	-0.02255889790840599
1139.0	0.012669325426285356	-0.020695529194905686
1140.0	0.012669294049266477	-0.01887994500813186
1141.0	0.012669267103944788	-0.01710688474270613
1142.0	0.01266924402072185	-0.01537149505128817
1143.0	0.01266922432995738	-0.013669271989319285
1144.0	0.012669207644777969	-0.011996010393781642
1145.0	0.01266919364767915	-0.01034775922603447
1146.0	0.01266918207979173	-0.008720781820323115
1147.0	0.01266917273244962	-0.00711152014784615
1148.0	0.012669165440603493	-0.005516562338743768
1149.0	0.012669160077742748	-0.0039326128086915055
1150.0	0.01266915655212595	-0.002356464417585321
1151.0	0.012669154804043493	-0.0007849721497457772
1152.0	0.012669154804046734	0.0007849721497922449
1153.0	0.012669156552131917	0.0023564644175795594
1154.0	0.012669160077755481	0.003932612808682764
1155.0	0.01266916544061348	0.005516562338747132
1156.0	0.012669172732470153	0.00711152014784705
1157.0	0.012669182079814502	0.00872078182032411
1158.0	0.012669193647691058	0.010347759226006234
1159.0	0.012669207644780989	0.011996010393753594
1160.0	0.012669224329937896	0.013669271989311955
1161.0	0.0126692440207271	0.015371495051301419
1162.0	0.012669267103934984	0.01710688474270595
1163.0	0.012669294049260494	0.01887994500813192
1164.0	0.012669325426306388	0.020695529194891805
1165.0	0.012669361926191936	0.022558897908371397
1166.0	0.012669404389229744	0.024475785640428203
1167.0	0.01266945383987429	0.02645247804988779
1168.0	0.012669511531928091	0.028495902208640303
1169.0	0.012669579006664662	0.03061373268027115
1170.0	0.012669658168661913	0.032814517013717584
1171.0	0.012669751384877926	0.03510782515808364
1172.0	0.012669861615659729	0.03750442851205704
1173.0	0.012669992589144714	0.04001651590725477
1174.0	0.012670149035819867	0.04265795592650751
1175.0	0.012670337006934214	0.045444617771015924
1176.0	0.01267056431153852	0.04839476668561052
1177.0	0.012670841123493454	0.05152955513144402
1178.0	0.012671180834476237	0.05487363803938037
1179.0	0.012671601269620032	0.058455950450146045
1180.0	0.012672126444811017	0.06231069994667492
1181.0	0.01267278914759028	0.0664786464973827
1182.0	0.012673634793391576	0.07100877174310381
1183.0	0.012674727296798693	0.0759604832691315
1184.0	0.012676158197688726	0.08140656491478299
1185.0	0.012678061174503258	0.0874371847525313
1186.0	0.012680635716790829	0.09416543013407018
1187.0	0.0126841868467725	0.1017350925940745
1188.0	0.012689193922303766	0.11033184321689643
1189.0	0.012696434180965844	0.12019964852502084
1190.0	0.012707213880277802	0.13166552197097725
1191.0	0.012723821699844002	0.14517797402974073
1192.0	0.012750468555114403	0.16136883439353603
1193.0	0.012795366663064401	0.1811567221623256
1194.0	0.012875702074518769	0.20592860524738366
1195.0	0.013030716230804196	0.23787686178821527
1196.0	0.013360468825001692	0.2806690828254975
1197.0	0.014159667994714888	0.3408939358987873
1198.0	0.01648391357153497	0.43150969289592933
1199.0	0.02532588716016894	0.5810146526317269
1200.0	0.07626757881103542	0.857830834411606
1201.0	0.5628636249665847	1.2196492823986422
1202.0	0.5628636249665124	-1.219649282398755
1203.0	0.07626757881096698	-0.8578308344116385
1204.0	0.025325887160184624	-0.581014652631718
1205.0	0.016483913571582767	-0.4315096928959061
1206.0	0.014159667994767056	-0.3408939358987546
1207.0	0.013360468825048967	-0.2806690828254917
1208.0	0.01303071623080112	-0.2378768617882109
1209.0	0.012875702074571983	-0.205928605247381
1210.0	0.012795366663065156	-0.18115672216235038
1211.0	0.012750468555131223	-0.16136883439355704
1212.0	0.012723821699855871	-0.14517797402976468
1213.0	0.012707213880289793	-0.1316655219709935
1214.0	0.012696434180978551	-0.12019964852503338
1215.0	0.012689193922302567	-0.11033184321690533
1216.0	0.012684186846743634	-0.10173509259411842
1217.0	0.012680635716803175	-0.0941654301340957
1218.0	0.012678061174486678	-0.08743718475248749
1219.0	0.012676158197709715	-0.08140656491480215
1220.0	0.012674727296809941	-0.07596048326913887
1221.0	0.01267363479341483	-0.07100877174315963
1222.0	0.012672789147566971	-0.06647864649746447
1223.0	0.012672126444753984	-0.06231069994670634
1224.0	0.01267160126955491	-0.05845595045013455
1225.0	0.01267118083442469	-0.05487363803936721
1226.0	0.012670841123467459	-0.051529555131417965
1227.0	0.012670564311531914	-0.048394766685573534
1228.0	0.01267033700692365	-0.045444617770987905
1229.0	0.012670149035843199	-0.04265795592647832
1230.0	0.01266999258915973	-0.0400165159072353
1231.0	0.012669861615676958	-0.03750442851205981
1232.0	0.01266975138489519	-0.03510782515806734
1233.0	0.012669658168676169	-0.032814517013729554
1234.0	0.012669579006674349	-0.030613732680292573
1235.0	0.012669511531935336	-0.028495902208637236
1236.0	0.0126694538398835	-0.02645247804992254
1237.0	0.012669404389210027	-0.02447578564045782
1238.0	0.01266936192618336	-0.022558897908395634
1239.0	0.012669325426270396	-0.02069552919490715
1240.0	0.012669294049270648	-0.018879945008110726
1241.0	0.012669267103959837	-0.017106884742702284
1242.0	0.012669244020718473	-0.015371495051315957
1243.0	0.01266922432995899	-0.013669271989337565
1244.0	0.012669207644784986	-0.011996010393799819
1245.0	0.012669193647692145	-0.010347759226076298
1246.0	0.012669182079790509	-0.008720781820307165
1247.0	0.012669172732455143	-0.007111520147847095
1248.0	0.012669165440598519	-0.005516562338740646
1249.0	0.01266916007774256	-0.003932612808685393
1250.0	0.012669156552132584	-0.002356464417585399
1251.0	0.012669154804045124	-0.0007849721497610592
1252.0	0.012669154804040923	0.000784972149772556
1253.0	0.012669156552143075	0.0023564644175671293
1254.0	0.012669160077752435	0.003932612808685993
1255.0	0.012669165440595221	0.005516562338747542
1256.0	0.012669172732465712	0.007111520147859578
1257.0	0.012669182079813957	0.00872078182032919
1258.0	0.012669193647692385	0.010347759226004208
1259.0	0.012669207644779091	0.01199601039375057
1260.0	0.012669224329941414	0.013669271989287158
1261.0	0.01266924402072523	0.015371495051290526
1262.0	0.012669267103910677	0.017106884742706035
1263.0	0.012669294049246327	0.018879945008133888
1264.0	0.012669325426296974	0.02069552919490824
1265.0	0.01266936192620678	0.022558897908377108
1266.0	0.012669404389242479	0.024475785640418232
1267.0	0.01266945383987065	0.02645247804989726
1268.0	0.012669511531918582	0.02849590220863298
1269.0	0.012669579006662835	0.030613732680273786
1270.0	0.01266965816865447	0.032814517013690245
1271.0	0.012669751384869499	0.03510782515805181
1272.0	0.012669861615667433	0.03750442851206118
1273.0	0.012669992589152614	0.040016515907269054
1274.0	0.012670149035852002	0.04265795592652437
1275.0	0.012670337006928961	0.045444617771010276
1276.0	0.012670564311533895	0.04839476668560532
1277.0	0.01267084112350685	0.05152955513145795
1278.0	0.012671180834488677	0.05487363803937461
1279.0	0.012671601269631372	0.05845595045014599
1280.0	0.012672126444812233	0.06231069994666569
1281.0	0.012672789147579794	0.06647864649736394
1282.0	0.01267363479335475	0.07100877174312539
1283.0	0.012674727296798062	0.07596048326912215
1284.0	0.012676158197725485	0.08140656491477058
1285.0	0.012678061174501126	0.08743718475250294
1286.0	0.012680635716776545	0.09416543013407086
1287.0	0.012684186846781282	0.10173509259407715
1288.0	0.012689193922307601	0.11033184321686557
1289.0	0.012696434180994504	0.12019964852500098
1290.0	0.01270721388026419	0.13166552197097928
1291.0	0.012723821699818434	0.1451779740297448
1292.0	0.012750468555112105	0.1613688343935377
1293.0	0.012795366663052721	0.1811567221623179
1294.0	0.012875702074524998	0.2059286052474069
1295.0	0.01303071623079215	0.23787686178820822
1296.0	0.013360468824973083	0.28066908282548825
1297.0	0.01415966799475339	0.3408939358987644
1298.0	0.016483913571568688	0.43150969289590546
1299.0	0.025325887160210326	0.5810146526317274
1300.0	0.07626757881103992	0.8578308344115911
1301.0	0.5628636249665702	1.2196492823986667
1302.0	0.5628636249666127	-1.219649282398612
1303.0	0.07626757881103408	-0.8578308344116083
1304.0	0.02532588716025628	-0.581014652631691
1305.0	0.016483913571563303	-0.4315096928958981
1306.0	0.014159667994721781	-0.340893935898779
1307.0	0.013360468825014972	-0.2806690828254999
1308.0	0.013030716230820739	-0.23787686178821024
1309.0	0.012875702074563788	-0.20592860524738563
1310.0	0.012795366663064345	-0.18115672216233197
1311.0	0.012750468555133976	-0.16136883439356184
1312.0	0.012723821699872313	-0.14517797402976962
1313.0	0.012707213880278873	-0.13166552197100004
1314.0	0.012696434180992595	-0.12019964852504839
1315.0	0.012689193922268433	-0.11033184321692172
1316.0	0.012684186846775131	-0.10173509259411098
1317.0	0.0126806357167922	-0.09416543013410437
1318.0	0.012678061174465488	-0.08743718475252445
1319.0	0.012676158197721455	-0.0814065649147967
1320.0	0.012674727296808476	-0.07596048326913044
1321.0	0.012673634793403438	-0.07100877174317488
1322.0	0.012672789147548337	-0.0664786464974731
1323.0	0.012672126444726962	-0.0623106999467106
1324.0	0.01267160126954401	-0.05845595045014055
1325.0	0.012671180834391421	-0.05487363803933881
1326.0	0.012670841123472894	-0.051529555131422336
1327.0	0.012670564311527839	-0.04839476668558596
1328.0	0.012670337006905952	-0.04544461777097656
1329.0	0.01267014903582025	-0.042657955926476664
1330.0	0.012669992589145125	-0.04001651590720635
1331.0	0.0126698616156888	-0.03750442851206805
1332.0	0.012669751384891232	-0.035107825158066264
1333.0	0.01266965816866536	-0.03281451701373453
1334.0	0.012669579006655713	-0.030613732680285007
1335.0	0.012669511531908706	-0.028495902208606833
1336.0	0.012669453839907963	-0.02645247804991631
1337.0	0.012669404389241768	-0.024475785640486428
1338.0	0.012669361926154633	-0.022558897908396797
1339.0	0.012669325426276485	-0.020695529194906498
1340.0	0.012669294049245562	-0.01887994500810242
1341.0	0.012669267103976723	-0.017106884742709418
1342.0	0.01266924402070237	-0.015371495051299797
1343.0	0.012669224329960477	-0.013669271989312738
1344.0	0.012669207644790088	-0.011996010393795277
1345.0	0.01266919364766006	-0.010347759226028305
1346.0	0.012669182079772457	-0.00872078182032445
1347.0	0.012669172732459289	-0.007111520147833198
1348.0	0.01266916544059426	-0.005516562338760886
1349.0	0.012669160077738335	-0.0039326128086870325
1350.0	0.012669156552112993	-0.0023564644175764217
1351.0	0.012669154804039923	-0.0007849721497540142
1352.0	0.012669154804045275	0.00078497214977406
1353.0	0.012669156552140716	0.002356464417566638
1354.0	0.012669160077729598	0.0039326128086458936
1355.0	0.012669165440611347	0.005516562338766116
1356.0	0.01266917273248438	0.007111520147873022
1357.0	0.012669182079799418	0.008720781820314865
1358.0	0.012669193647740568	0.010347759226009522
1359.0	0.012669207644773368	0.011996010393745113
1360.0	0.012669224329918616	0.013669271989301401
1361.0	0.012669244020720106	0.01537149505131971
1362.0	0.012669267103927734	0.017106884742681766
1363.0	0.012669294049259677	0.01887994500813615
1364.0	0.012669325426300511	0.020695529194883565
1365.0	0.012669361926196266	0.022558897908411035
1366.0	0.012669404389208118	0.024475785640414555
1367.0	0.01266945383985576	0.026452478049887082
1368.0	0.012669511531894263	0.028495902208625704
1369.0	0.012669579006662619	0.030613732680274452
1370.0	0.01266965816869392	0.03281451701373404
1371.0	0.012669751384898897	0.03510782515804438
1372.0	0.012669861615644784	0.037504428512076304
1373.0	0.012669992589126695	0.04001651590721654
1374.0	0.012670149035842038	0.04265795592650815
1375.0	0.012670337006931787	0.04544461777102672
1376.0	0.012670564311537187	0.048394766685609686
1377.0	0.012670841123472137	0.05152955513145966
1378.0	0.01267118083449399	0.054873638039400575
1379.0	0.01267160126966409	0.058455950450121856
1380.0	0.012672126444838883	0.062310699946653295
1381.0	0.012672789147604658	0.0664786464973384
1382.0	0.012673634793361872	0.0710087717430722
1383.0	0.012674727296778078	0.07596048326912035
1384.0	0.012676158197722815	0.0814065649147794
1385.0	0.012678061174509432	0.0874371847525196
1386.0	0.012680635716800831	0.09416543013409673
1387.0	0.012684186846736951	0.10173509259406464
1388.0	0.012689193922290537	0.1103318432168141
1389.0	0.012696434180974926	0.12019964852500031
1390.0	0.012707213880320695	0.13166552197093864
1391.0	0.01272382169981045	0.14517797402973442
1392.0	0.012750468555072426	0.1613688343935924
1393.0	0.01279536666304062	0.18115672216231418
1394.0	0.012875702074491447	0.2059286052473822
1395.0	0.013030716230804307	0.237876861788203
1396.0	0.013360468824953377	0.280669082825526
1397.0	0.014159667994707293	0.340893935898769
1398.0	0.016483913571517995	0.43150969289591856
1399.0	0.025325887160270066	0.5810146526317038
1400.0	0.07626757881094562	0.8578308344116528
1401.0	0.5628636249666888	1.2196492823984975
1402.0	0.5628636249665221	-1.2196492823987368
1403.0	0.07626757881112023	-0.8578308344115272
1404.0	0.025325887160199057	-0.5810146526317201
1405.0	0.016483913571662758	-0.4315096928958891
1406.0	0.014159667994768345	-0.3408939358987614
1407.0	0.013360468825056938	-0.2806690828254864
1408.0	0.013030716230837026	-0.23787686178821008
1409.0	0.012875702074551056	-0.20592860524740272
1410.0	0.012795366663035136	-0.1811567221623608
1411.0	0.012750468555094263	-0.1613688343935476
1412.0	0.012723821699839922	-0.1451779740297848
1413.0	0.012707213880303598	-0.13166552197099698
1414.0	0.012696434181006706	-0.12019964852505359
1415.0	0.012689193922260401	-0.1103318432169425
1416.0	0.012684186846814932	-0.10173509259412997
1417.0	0.012680635716774491	-0.09416543013411457
1418.0	0.01267806117445916	-0.08743718475252316
1419.0	0.012676158197700838	-0.08140656491483822
1420.0	0.012674727296817479	-0.07596048326913235
1421.0	0.012673634793420475	-0.0710087717432008
1422.0	0.012672789147549185	-0.06647864649751484
1423.0	0.012672126444728538	-0.06231069994670634
1424.0	0.012671601269535144	-0.05845595045014788
1425.0	0.012671180834422348	-0.05487363803931164
1426.0	0.012670841123478932	-0.051529555131406904
1427.0	0.01267056431153456	-0.048394766685602414
1428.0	0.01267033700690688	-0.0454446177709918
1429.0	0.0126701490358078	-0.042657955926473576
1430.0	0.01266999258912423	-0.040016515907235796
1431.0	0.012669861615685719	-0.037504428512043296
1432.0	0.012669751384967481	-0.03510782515808932
1433.0	0.012669658168696175	-0.032814517013734605
1434.0	0.012669579006694583	-0.030613732680299252
1435.0	0.012669511531946199	-0.028495902208676562
1436.0	0.012669453839884881	-0.026452478049934048
1437.0	0.01266940438924673	-0.02447578564047266
1438.0	0.01266936192614242	-0.022558897908415393
1439.0	0.012669325426240264	-0.02069552919489893
1440.0	0.012669294049257908	-0.018879945008096678
1441.0	0.012669267103949083	-0.01710688474273286
1442.0	0.012669244020703874	-0.015371495051288346
1443.0	0.012669224329979656	-0.013669271989353644
1444.0	0.012669207644781922	-0.011996010393790495
1445.0	0.012669193647680316	-0.010347759225991654
1446.0	0.012669182079801106	-0.008720781820356398
1447.0	0.012669172732469043	-0.007111520147844654
1448.0	0.012669165440589193	-0.005516562338751053
1449.0	0.01266916007775696	-0.003932612808710608
1450.0	0.01266915655211831	-0.002356464417580053
1451.0	0.012669154804039524	-0.0007849721497639049
1452.0	0.01266915480406084	0.0007849721497762249
1453.0	0.012669156552174644	0.0023564644175681024
1454.0	0.012669160077757348	0.0039326128086784205
1455.0	0.012669165440624337	0.005516562338723409
1456.0	0.012669172732460921	0.007111520147870601
1457.0	0.012669182079825243	0.00872078182030451
1458.0	0.012669193647738048	0.010347759225984743
1459.0	0.012669207644782283	0.011996010393704862
1460.0	0.01266922432992061	0.01366927198930104
1461.0	0.01266924402075318	0.015371495051302218
1462.0	0.012669267103915367	0.01710688474270795
1463.0	0.012669294049248526	0.018879945008156138
1464.0	0.012669325426323775	0.02069552919491767
1465.0	0.012669361926262735	0.022558897908343728
1466.0	0.01266940438922078	0.02447578564043043
1467.0	0.012669453839856949	0.026452478049901057
1468.0	0.012669511531917777	0.02849590220863954
1469.0	0.012669579006645127	0.030613732680300678
1470.0	0.012669658168657212	0.032814517013707405
1471.0	0.012669751384866035	0.03510782515807476
1472.0	0.012669861615628976	0.03750442851204845
1473.0	0.012669992589164581	0.0400165159072429
1474.0	0.012670149035832535	0.04265795592647864
1475.0	0.012670337006955974	0.04544461777100171
1476.0	0.012670564311604154	0.04839476668566407
1477.0	0.01267084112347533	0.05152955513146912
1478.0	0.012671180834469976	0.05487363803939445
1479.0	0.012671601269624534	0.05845595045013168
1480.0	0.012672126444804411	0.06231069994668403
1481.0	0.01267278914761737	0.06647864649733097
1482.0	0.012673634793345235	0.07100877174308184
1483.0	0.012674727296783218	0.07596048326911409
1484.0	0.012676158197717353	0.08140656491483754
1485.0	0.012678061174509814	0.08743718475251122
1486.0	0.012680635716789169	0.09416543013405938
1487.0	0.012684186846779261	0.10173509259411953
1488.0	0.012689193922265264	0.1103318432168554
1489.0	0.012696434180939865	0.12019964852499934
1490.0	0.012707213880216107	0.13166552197094114
1491.0	0.01272382169984685	0.14517797402971858
1492.0	0.012750468555156004	0.1613688343934907
1493.0	0.012795366662993269	0.18115672216234224
1494.0	0.012875702074566632	0.20592860524737233
1495.0	0.013030716230799167	0.23787686178817968
1496.0	0.013360468825029993	0.2806690828254825
1497.0	0.014159667994706394	0.3408939358987837
1498.0	0.016483913571412212	0.43150969289601804
1499.0	0.025325887160099838	0.5810146526317895
1500.0	0.07626757881104498	0.8578308344115687
1501.0	0.5628636249667605	1.2196492823984153
1502.0	0.5628636249666255	-1.2196492823986078
1503.0	0.07626757881090099	-0.857830834411638
1504.0	0.025325887160239036	-0.5810146526316733
1505.0	0.016483913571511032	-0.431509692895935
1506.0	0.014159667994819804	-0.340893935898738
1507.0	0.013360468825037719	-0.28066908282550446
1508.0	0.013030716230906514	-0.23787686178817524
1509.0	0.012875702074587837	-0.20592860524741893
1510.0	0.012795366663033348	-0.1811567221624218
1511.0	0.012750468555167017	-0.16136883439356822
1512.0	0.012723821699840949	-0.14517797402977226
1513.0	0.012707213880317182	-0.1316655219710382
1514.0	0.012696434180990247	-0.12019964852507126
1515.0	0.012689193922336745	-0.11033184321691425
1516.0	0.012684186846769058	-0.10173509259414566
1517.0	0.012680635716777461	-0.09416543013410292
1518.0	0.012678061174489615	-0.08743718475246287
1519.0	0.012676158197710714	-0.08140656491480247
1520.0	0.01267472729688305	-0.07596048326907662
1521.0	0.012673634793428791	-0.07100877174320128
1522.0	0.012672789147506348	-0.06647864649757416
1523.0	0.012672126444709842	-0.062310699946699466
1524.0	0.012671601269519018	-0.05845595045015927
1525.0	0.012671180834432617	-0.0548736380393414
1526.0	0.012670841123465226	-0.05152955513143514
1527.0	0.012670564311526716	-0.04839476668561624
1528.0	0.01267033700693806	-0.045444617770990355
1529.0	0.012670149035867684	-0.04265795592654842
1530.0	0.012669992589188828	-0.04001651590724324
1531.0	0.012669861615700323	-0.03750442851205063
1532.0	0.012669751384922608	-0.035107825158064355
1533.0	0.012669658168700516	-0.03281451701372746
1534.0	0.012669579006671339	-0.03061373268028796
1535.0	0.01266951153196958	-0.028495902208678765
1536.0	0.012669453839894118	-0.026452478049910563
1537.0	0.012669404389205753	-0.024475785640486535
1538.0	0.012669361926201146	-0.022558897908437955
1539.0	0.01266932542625891	-0.020695529194902383
1540.0	0.012669294049289105	-0.01887994500812958
1541.0	0.012669267103870147	-0.01710688474272483
1542.0	0.012669244020729588	-0.015371495051279533
1543.0	0.012669224330007379	-0.013669271989365423
1544.0	0.012669207644734882	-0.011996010393802353
1545.0	0.012669193647684868	-0.010347759226084774
1546.0	0.012669182079765912	-0.00872078182036188
1547.0	0.012669172732439211	-0.007111520147843705
1548.0	0.012669165440675367	-0.005516562338721608
1549.0	0.012669160077715897	-0.003932612808693221
1550.0	0.012669156552123884	-0.0023564644175820245
1551.0	0.012669154804056572	-0.0007849721497515294
1552.0	0.01266915480406653	0.0007849721497930639
1553.0	0.01266915655215707	0.0023564644176202174
1554.0	0.012669160077740826	0.003932612808684998
1555.0	0.012669165440606645	0.005516562338755273
1556.0	0.012669172732478074	0.007111520147858411
1557.0	0.012669182079848374	0.008720781820299445
1558.0	0.012669193647742345	0.010347759225965368
1559.0	0.012669207644772768	0.011996010393743024
1560.0	0.012669224329912444	0.013669271989233737
1561.0	0.012669244020752613	0.015371495051302081
1562.0	0.012669267103902883	0.0171068847426679
1563.0	0.01266929404925204	0.018879945008152668
1564.0	0.01266932542625311	0.02069552919491919
1565.0	0.012669361926219197	0.022558897908309204
1566.0	0.012669404389215533	0.024475785640404524
1567.0	0.012669453839871715	0.026452478049918345
1568.0	0.012669511531917138	0.028495902208629794
1569.0	0.012669579006658672	0.030613732680285888
1570.0	0.01266965816862925	0.03281451701368208
1571.0	0.01266975138486063	0.03510782515808739
1572.0	0.01266986161564071	0.037504428512090224
1573.0	0.012669992589176416	0.040016515907272655
1574.0	0.012670149035854117	0.04265795592653249
1575.0	0.012670337006923505	0.04544461777101142
1576.0	0.012670564311565869	0.048394766685617714
1577.0	0.012670841123503024	0.05152955513146045
1578.0	0.012671180834531642	0.054873638039400874
1579.0	0.012671601269690325	0.058455950450141264
1580.0	0.01267212644485673	0.062310699946646564
1581.0	0.012672789147603038	0.06647864649730222
1582.0	0.012673634793349299	0.07100877174302937
1583.0	0.012674727296758698	0.07596048326909227
1584.0	0.012676158197680476	0.08140656491478138
1585.0	0.012678061174438338	0.08743718475252484
1586.0	0.01268063571675131	0.0941654301340985
1587.0	0.012684186846798663	0.10173509259405192
1588.0	0.012689193922260762	0.11033184321686931
1589.0	0.012696434180956229	0.12019964852498562
1590.0	0.01270721388025144	0.1316655219709608
1591.0	0.012723821699869643	0.14517797402979646
1592.0	0.0127504685551312	0.16136883439350602
1593.0	0.012795366663054987	0.181156722162322
1594.0	0.012875702074504981	0.20592860524736697
1595.0	0.013030716230779749	0.23787686178825995
1596.0	0.01336046882499582	0.2806690828255022
1597.0	0.014159667994656566	0.34089393589879585
1598.0	0.016483913571562047	0.4315096928959367
1599.0	0.025325887160050353	0.5810146526317744
1600.0	0.07626757881092511	0.8578308344116126
1601.0	0.5628636249666669	1.2196492823985188
1602.0	0.5628636249663188	-1.219649282399046
1603.0	0.07626757881094938	-0.8578308344116143
1604.0	0.025325887160093388	-0.5810146526317048
1605.0	0.016483913571568167	-0.4315096928959342
1606.0	0.014159667994854332	-0.3408939358987542
1607.0	0.013360468825067074	-0.28066908282547065
1608.0	0.013030716230911	-0.23787686178817063
1609.0	0.01287570207461395	-0.20592860524737194
1610.0	0.012795366663080055	-0.18115672216235076
1611.0	0.012750468555131934	-0.16136883439356875
1612.0	0.012723821699869471	-0.1451779740297714
1613.0	0.012707213880282715	-0.13166552197102974
1614.0	0.012696434180967598	-0.12019964852508286
1615.0	0.012689193922327459	-0.11033184321693792
1616.0	0.012684186846770857	-0.10173509259414322
1617.0	0.01268063571678918	-0.09416543013408901
1618.0	0.012678061174463424	-0.08743718475251111
1619.0	0.012676158197731158	-0.08140656491483449
1620.0	0.012674727296826893	-0.07596048326918717
1621.0	0.012673634793462209	-0.07100877174320773
1622.0	0.01267278914750638	-0.0664786464975202
1623.0	0.012672126444696103	-0.06231069994671318
1624.0	0.01267160126950488	-0.05845595045012678
1625.0	0.012671180834408553	-0.05487363803933246
1626.0	0.012670841123481541	-0.05152955513140215
1627.0	0.012670564311558786	-0.048394766685549186
1628.0	0.01267033700691833	-0.04544461777099715
1629.0	0.012670149035748868	-0.042657955926516694
1630.0	0.012669992589167768	-0.04001651590721722
1631.0	0.012669861615699263	-0.03750442851206819
1632.0	0.012669751384932787	-0.035107825158057666
1633.0	0.012669658168646125	-0.03281451701371084
1634.0	0.012669579006689032	-0.03061373268027569
1635.0	0.012669511531907242	-0.028495902208666248
1636.0	0.012669453839892087	-0.02645247804991468
1637.0	0.012669404389253276	-0.02447578564051087
1638.0	0.012669361926146972	-0.022558897908453765
1639.0	0.01266932542625769	-0.020695529194899615
1640.0	0.012669294049273062	-0.01887994500810468
1641.0	0.012669267103957016	-0.017106884742728198
1642.0	0.012669244020698751	-0.01537149505129264
1643.0	0.012669224329992651	-0.013669271989360385
1644.0	0.012669207644765668	-0.011996010393822181
1645.0	0.012669193647688915	-0.01034775922603412
1646.0	0.0126691820797955	-0.008720781820324928
1647.0	0.01266917273243967	-0.007111520147852882
1648.0	0.012669165440590435	-0.00551656233878011
1649.0	0.01266916007771361	-0.0039326128086661135
1650.0	0.012669156552131355	-0.0023564644175489754
1651.0	0.012669154804024746	-0.0007849721497336921
1652.0	0.012669154804046817	0.0007849721497491628
1653.0	0.012669156552144584	0.0023564644175667875
1654.0	0.012669160077758852	0.00393261280867495
1655.0	0.012669165440592267	0.005516562338753347
1656.0	0.012669172732463714	0.007111520147825883
1657.0	0.012669182079843256	0.008720781820315375
1658.0	0.012669193647739892	0.010347759225982073
1659.0	0.01266920764482475	0.011996010393693968
1660.0	0.012669224329907297	0.013669271989291602
1661.0	0.012669244020731397	0.01537149505130085
1662.0	0.012669267103918525	0.017106884742685322
1663.0	0.012669294049243912	0.018879945008152075
1664.0	0.012669325426335344	0.020695529194917836
1665.0	0.012669361926221446	0.02255889790837378
1666.0	0.012669404389254886	0.02447578564041151
1667.0	0.012669453839833778	0.02645247804985956
1668.0	0.012669511531905854	0.028495902208625724
1669.0	0.012669579006618893	0.03061373268029073
1670.0	0.012669658168607184	0.03281451701367671
1671.0	0.012669751384826034	0.03510782515806967
1672.0	0.012669861615583389	0.037504428512061413
1673.0	0.012669992589191093	0.04001651590722948
1674.0	0.012670149035838974	0.04265795592651747
1675.0	0.012670337006895738	0.04544461777103672
1676.0	0.012670564311524092	0.048394766685619116
1677.0	0.012670841123518373	0.0515295551314572
1678.0	0.012671180834610985	0.05487363803945561
1679.0	0.012671601269710698	0.05845595045017437
1680.0	0.012672126444884814	0.062310699946665875
1681.0	0.012672789147657371	0.06647864649726264
1682.0	0.012673634793379802	0.07100877174303595
1683.0	0.012674727296784533	0.07596048326912624
1684.0	0.012676158197672023	0.0814065649147506
1685.0	0.012678061174579909	0.08743718475247607
1686.0	0.012680635716802741	0.09416543013411974
1687.0	0.012684186846782297	0.10173509259405321
1688.0	0.012689193922292891	0.11033184321690588
1689.0	0.012696434180979922	0.12019964852499337
1690.0	0.012707213880269453	0.13166552197095666
1691.0	0.012723821699828048	0.14517797402974758
1692.0	0.012750468555119344	0.1613688343934983
1693.0	0.012795366662974473	0.18115672216235507
1694.0	0.012875702074468077	0.20592860524739542
1695.0	0.013030716230796803	0.23787686178820155
1696.0	0.013360468825085093	0.28066908282543673
1697.0	0.014159667994616588	0.34089393589882167
1698.0	0.016483913571450192	0.43150969289594293
1699.0	0.025325887160212557	0.5810146526317134
1700.0	0.07626757881118143	0.8578308344114952
1701.0	0.5628636249665746	1.2196492823986516
1702.0	0.562863624966428	-1.219649282398904
1703.0	0.07626757881074525	-0.8578308344117179
1704.0	0.02532588716032711	-0.5810146526316448
1705.0	0.016483913571610543	-0.43150969289592667
1706.0	0.014159667994752835	-0.34089393589877987
1707.0	0.01336046882507046	-0.280669082825533
1708.0	0.013030716230944206	-0.23787686178819922
1709.0	0.01287570207460901	-0.20592860524741732
1710.0	0.012795366663127083	-0.18115672216239362
1711.0	0.0127504685552022	-0.16136883439361002
1712.0	0.012723821699869436	-0.14517797402977367
1713.0	0.012707213880271857	-0.13166552197102693
1714.0	0.012696434180999507	-0.12019964852502654
1715.0	0.012689193922394471	-0.1103318432169699
1716.0	0.012684186846732299	-0.1017350925940987
1717.0	0.012680635716840711	-0.09416543013408712
1718.0	0.01267806117448883	-0.08743718475254218
1719.0	0.01267615819773655	-0.08140656491485011
1720.0	0.012674727296858486	-0.07596048326910024
1721.0	0.012673634793451806	-0.0710087717431512
1722.0	0.01267278914752839	-0.06647864649754708
1723.0	0.01267212644465121	-0.06231069994670534
1724.0	0.012671601269489819	-0.05845595045016147
1725.0	0.012671180834339546	-0.0548736380392828
1726.0	0.012670841123498656	-0.05152955513141119
1727.0	0.012670564311563742	-0.048394766685582
1728.0	0.01267033700692321	-0.04544461777104696
1729.0	0.012670149035870654	-0.04265795592647373
1730.0	0.012669992589171453	-0.040016515907235636
1731.0	0.012669861615690649	-0.03750442851195335
1732.0	0.01266975138489277	-0.03510782515808555
1733.0	0.012669658168714282	-0.032814517013730886
1734.0	0.012669579006628224	-0.030613732680253372
1735.0	0.012669511532080874	-0.028495902208772652
1736.0	0.012669453839932572	-0.02645247804993598
1737.0	0.012669404389207328	-0.02447578564038328
1738.0	0.01266936192619097	-0.022558897908485476
1739.0	0.012669325426253342	-0.020695529194933962
1740.0	0.012669294049247293	-0.018879945008119143
1741.0	0.012669267103973382	-0.017106884742750714
1742.0	0.012669244020806426	-0.01537149505134381
1743.0	0.012669224329995394	-0.013669271989396185
1744.0	0.012669207644730186	-0.011996010393811674
1745.0	0.012669193647687066	-0.01034775922606567
1746.0	0.012669182079735497	-0.008720781820316782
1747.0	0.01266917273239156	-0.00711152014785369
1748.0	0.012669165440583758	-0.005516562338762122
1749.0	0.012669160077766846	-0.0039326128086638185
1750.0	0.012669156552134792	-0.00235646441758977
1751.0	0.012669154804016498	-0.0007849721497385621
1752.0	0.012669154804063765	0.0007849721498405173
1753.0	0.012669156552172807	0.002356464417577628
1754.0	0.012669160077821463	0.0039326128087311465
1755.0	0.012669165440644349	0.005516562338764668
1756.0	0.012669172732554452	0.007111520147967155
1757.0	0.012669182079881342	0.008720781820319459
1758.0	0.012669193647733407	0.010347759225971198
1759.0	0.012669207644782493	0.011996010393703859
1760.0	0.012669224329870927	0.013669271989290918
1761.0	0.012669244020728294	0.015371495051349132
1762.0	0.012669267103905969	0.017106884742642017
1763.0	0.012669294049234876	0.01887994500805358
1764.0	0.01266932542631364	0.020695529194901894
1765.0	0.012669361926252443	0.022558897908296325
1766.0	0.012669404389241174	0.024475785640370132
1767.0	0.01266945383979226	0.02645247804987997
1768.0	0.012669511531973649	0.028495902208702153
1769.0	0.012669579006681192	0.03061373268024993
1770.0	0.012669658168721688	0.032814517013619586
1771.0	0.01266975138490294	0.03510782515810875
1772.0	0.012669861615636137	0.03750442851206911
1773.0	0.012669992589131908	0.040016515907294416
1774.0	0.012670149035897416	0.04265795592661345
1775.0	0.012670337006978888	0.045444617771017964
1776.0	0.012670564311603473	0.04839476668560698
1777.0	0.01267084112359933	0.051529555131462915
1778.0	0.012671180834514363	0.05487363803941145
1779.0	0.012671601269713607	0.058455950450153484
1780.0	0.012672126444849009	0.06231069994653792
1781.0	0.012672789147617781	0.06647864649724035
1782.0	0.01267363479332142	0.07100877174302958
1783.0	0.012674727296726508	0.07596048326910455
1784.0	0.01267615819764973	0.08140656491465949
1785.0	0.01267806117450293	0.08743718475253735
1786.0	0.012680635716759614	0.09416543013403472
1787.0	0.01268418684683832	0.10173509259403989
1788.0	0.01268919392220837	0.11033184321686462
1789.0	0.01269643418096077	0.12019964852495962
1790.0	0.01270721388026282	0.13166552197095813
1791.0	0.01272382169987414	0.1451779740295982
1792.0	0.012750468554981409	0.1613688343934545
1793.0	0.012795366663020759	0.18115672216228954
1794.0	0.01287570207457528	0.20592860524736062
1795.0	0.013030716230878226	0.23787686178818765
1796.0	0.01336046882496077	0.28066908282552566
1797.0	0.014159667994693138	0.34089393589877615
1798.0	0.016483913571620802	0.43150969289582886
1799.0	0.02532588715993589	0.5810146526318495
1800.0	0.07626757881077985	0.857830834411727
1801.0	0.5628636249664434	1.2196492823988072
1802.0	0.5628636249665256	-1.2196492823987315
1803.0	0.07626757881114465	-0.857830834411521
1804.0	0.02532588716020461	-0.581014652631687
1805.0	0.016483913571546296	-0.4315096928959401
1806.0	0.014159667994686287	-0.34089393589878886
1807.0	0.013360468825123617	-0.2806690828254698
1808.0	0.013030716230917096	-0.23787686178824377
1809.0	0.01287570207457196	-0.20592860524742673
1810.0	0.012795366663148233	-0.18115672216234585
1811.0	0.012750468555206196	-0.16136883439363786
1812.0	0.01272382169992652	-0.14517797402972946
1813.0	0.012707213880261858	-0.13166552197102097
1814.0	0.012696434181009693	-0.12019964852503412
1815.0	0.012689193922323611	-0.11033184321695276
1816.0	0.012684186846789382	-0.10173509259414784
1817.0	0.012680635716621086	-0.09416543013405683
1818.0	0.012678061174492355	-0.08743718475251787
1819.0	0.01267615819768655	-0.08140656491491986
1820.0	0.012674727296912425	-0.07596048326917543
1821.0	0.012673634793509192	-0.0710087717431764
1822.0	0.01267278914753221	-0.0664786464975801
1823.0	0.012672126444768762	-0.06231069994662393
1824.0	0.012671601269522603	-0.05845595045017791
1825.0	0.012671180834346424	-0.054873638039275675
1826.0	0.012670841123380905	-0.051529555131350484
1827.0	0.012670564311531962	-0.04839476668553491
1828.0	0.012670337006882505	-0.045444617770999216
1829.0	0.012670149035812546	-0.04265795592649426
1830.0	0.012669992589185275	-0.04001651590721548
1831.0	0.012669861615704226	-0.0375044285120536
1832.0	0.0126697513848952	-0.035107825158059734
1833.0	0.012669658168748588	-0.03281451701379918
1834.0	0.012669579006659111	-0.030613732680273644
1835.0	0.012669511531932055	-0.02849590220870098
1836.0	0.012669453839907103	-0.026452478049919022
1837.0	0.01266940438928741	-0.024475785640496447
1838.0	0.012669361926171208	-0.022558897908476552
1839.0	0.012669325426270106	-0.02069552919488903
1840.0	0.012669294049205276	-0.018879945007930526
1841.0	0.012669267103973536	-0.01710688474273236
1842.0	0.012669244020670378	-0.015371495051245035
1843.0	0.012669224330005037	-0.01366927198944046
1844.0	0.01266920764477647	-0.011996010393838304
1845.0	0.012669193647646388	-0.010347759226129944
1846.0	0.012669182079799597	-0.00872078182035118
1847.0	0.012669172732493617	-0.007111520147791263
1848.0	0.012669165440587195	-0.005516562338727398
1849.0	0.0126691600777404	-0.003932612808723071
1850.0	0.012669156552119094	-0.0023564644175232447
1851.0	0.012669154804023103	-0.000784972149738702
1852.0	0.012669154804061396	0.0007849721498105986
1853.0	0.012669156552187956	0.0023564644175696195
1854.0	0.012669160077640169	0.003932612808654167
1855.0	0.012669165440625114	0.005516562338746358
1856.0	0.012669172732473795	0.0071115201478602315
1857.0	0.012669182079836083	0.008720781820329423
1858.0	0.012669193647721311	0.010347759225959248
1859.0	0.012669207644787224	0.011996010393800707
1860.0	0.012669224330006286	0.013669271989187807
1861.0	0.012669244020682147	0.015371495051399479
1862.0	0.012669267103920101	0.01710688474258903
1863.0	0.01266929404921382	0.018879945008195415
1864.0	0.012669325426332723	0.020695529194852177
1865.0	0.0126693619261118	0.0225588979083476
1866.0	0.012669404389165662	0.024475785640476824
1867.0	0.012669453839824187	0.02645247804985922
1868.0	0.012669511531997302	0.028495902208558712
1869.0	0.012669579006643533	0.03061373268030401
1870.0	0.012669658168603349	0.032814517013680794
1871.0	0.012669751384837719	0.03510782515802615
1872.0	0.012669861615675638	0.037504428512088066
1873.0	0.012669992589127162	0.04001651590729708
1874.0	0.01267014903579441	0.04265795592653254
1875.0	0.012670337006818494	0.0454446177709741
1876.0	0.01267056431149104	0.048394766685737015
1877.0	0.012670841123491967	0.05152955513148349
1878.0	0.012671180834536184	0.05487363803948532
1879.0	0.012671601269693267	0.058455950450094524
1880.0	0.012672126444884647	0.062310699946607574
1881.0	0.01267278914768803	0.06647864649721594
1882.0	0.012673634793381705	0.07100877174307527
1883.0	0.012674727296676513	0.07596048326909069
1884.0	0.01267615819764591	0.08140656491472108
1885.0	0.012678061174540135	0.08743718475254
1886.0	0.01268063571684308	0.09416543013400691
1887.0	0.01268418684677885	0.1017350925940451
1888.0	0.012689193922284125	0.11033184321679501
1889.0	0.012696434180958161	0.1201996485248718
1890.0	0.012707213880325564	0.13166552197092066
1891.0	0.012723821699779692	0.1451779740297081
1892.0	0.012750468555028649	0.16136883439351715
1893.0	0.01279536666307375	0.1811567221623391
1894.0	0.012875702074379814	0.20592860524737344
1895.0	0.013030716230684237	0.2378768617882832
1896.0	0.013360468824903427	0.2806690828256018
1897.0	0.014159667994643478	0.3408939358987362
1898.0	0.016483913571583377	0.4315096928958996
1899.0	0.02532588716026767	0.5810146526317402
1900.0	0.07626757881135528	0.8578308344113821
1901.0	0.562863624967169	1.219649282397869
1902.0	0.5628636249666313	-1.219649282398568
1903.0	0.07626757881092522	-0.8578308344115557
1904.0	0.025325887160029537	-0.5810146526317047
1905.0	0.016483913571698518	-0.4315096928958362
1906.0	0.014159667994822057	-0.3408939358986838
1907.0	0.013360468825045768	-0.2806690828255069
1908.0	0.013030716230847172	-0.2378768617882534
1909.0	0.012875702074743879	-0.20592860524747802
1910.0	0.012795366663094887	-0.18115672216235457
1911.0	0.012750468555199214	-0.16136883439358918
1912.0	0.012723821699896632	-0.14517797402976348
1913.0	0.012707213880368134	-0.13166552197101397
1914.0	0.01269643418105909	-0.1201996485250433
1915.0	0.012689193922330073	-0.11033184321694559
1916.0	0.012684186846813328	-0.10173509259413963
1917.0	0.012680635716811285	-0.09416543013413477
1918.0	0.012678061174488432	-0.08743718475249523
1919.0	0.012676158197720411	-0.08140656491491163
1920.0	0.012674727296916655	-0.07596048326914967
1921.0	0.012673634793449802	-0.0710087717432775
1922.0	0.012672789147509756	-0.0664786464976159
1923.0	0.012672126444624711	-0.06231069994681796
1924.0	0.012671601269511125	-0.05845595045021537
1925.0	0.012671180834405188	-0.054873638039297824
1926.0	0.01267084112336539	-0.05152955513141048
1927.0	0.012670564311563926	-0.04839476668556927
1928.0	0.012670337006883525	-0.045444617770977254
1929.0	0.01267014903581838	-0.042657955926429486
1930.0	0.012669992589164248	-0.04001651590717486
1931.0	0.012669861615772516	-0.03750442851192419
1932.0	0.012669751384979123	-0.0351078251581042
1933.0	0.012669658168728493	-0.032814517013669234
1934.0	0.01266957900665115	-0.030613732680325162
1935.0	0.01266951153192495	-0.028495902208704862
1936.0	0.01266945383992879	-0.026452478050021044
1937.0	0.012669404389173623	-0.024475785640507355
1938.0	0.012669361926224266	-0.022558897908481937
1939.0	0.01266932542621172	-0.020695529194880432
1940.0	0.012669294049324542	-0.018879945008064114
1941.0	0.012669267104003857	-0.017106884742724912
1942.0	0.012669244020722503	-0.01537149505127741
1943.0	0.012669224330016899	-0.01366927198938229
1944.0	0.01266920764469508	-0.011996010393867624
1945.0	0.012669193647600508	-0.010347759226168811
1946.0	0.012669182079722875	-0.00872078182045322
1947.0	0.012669172732358869	-0.007111520147815867
1948.0	0.012669165440556253	-0.005516562338746829
1949.0	0.012669160077713093	-0.003932612808673657
1950.0	0.01266915655214972	-0.0023564644175306853
1951.0	0.012669154804047745	-0.0007849721497734321
1952.0	0.012669154804104917	0.0007849721499986286
1953.0	0.012669156552169875	0.0023564644175493384
1954.0	0.012669160077852126	0.003932612808700075
1955.0	0.01266916544062784	0.005516562338695009
1956.0	0.012669172732507485	0.0071115201478848256
1957.0	0.012669182079840836	0.008720781820286792
1958.0	0.01266919364772643	0.010347759225959818
1959.0	0.012669207644831527	0.011996010393634831
1960.0	0.012669224329864077	0.01366927198930954
1961.0	0.012669244020708448	0.01537149505130179
1962.0	0.012669267103883441	0.01710688474267177
1963.0	0.012669294049243763	0.01887994500809864
1964.0	0.012669325426406098	0.020695529194885008
1965.0	0.012669361926180567	0.022558897908323463
1966.0	0.012669404389150303	0.024475785640434844
1967.0	0.012669453839817046	0.026452478049841344
1968.0	0.012669511531867256	0.028495902208614827
1969.0	0.012669579006615101	0.030613732680354184
1970.0	0.012669658168635656	0.032814517013656556
1971.0	0.012669751384874462	0.03510782515802189
1972.0	0.01266986161561039	0.03750442851201449
1973.0	0.012669992589194719	0.04001651590735135
1974.0	0.012670149035874895	0.04265795592644694
1975.0	0.012670337006937166	0.04544461777102118
1976.0	0.012670564311583893	0.04839476668565312
1977.0	0.01267084112349387	0.05152955513147944
1978.0	0.012671180834592073	0.05487363803948665
1979.0	0.012671601269651396	0.05845595045017235
1980.0	0.012672126444864285	0.062310699946565185
1981.0	0.012672789147670782	0.06647864649729116
1982.0	0.012673634793275768	0.07100877174301061
1983.0	0.012674727296674427	0.07596048326907205
1984.0	0.012676158197672361	0.08140656491471815
1985.0	0.012678061174539103	0.08743718475248208
1986.0	0.012680635716765549	0.09416543013409624
1987.0	0.012684186846770152	0.10173509259407523
1988.0	0.012689193922234832	0.11033184321688992
1989.0	0.012696434181111034	0.12019964852497914
1990.0	0.01270721388030936	0.13166552197089623
1991.0	0.01272382169988094	0.14517797402965976
1992.0	0.012750468555177542	0.16136883439348146
1993.0	0.012795366662977337	0.18115672216227952
1994.0	0.01287570207455855	0.2059286052473691
1995.0	0.013030716230669138	0.23787686178816983
1996.0	0.013360468825075356	0.28066908282546166
1997.0	0.01415966799461952	0.3408939358987464
1998.0	0.016483913571461152	0.43150969289604313
1999.0	0.025325887160240392	0.5810146526317185
2000.0	0.07626757881062894	0.857830834411829
2001.0	0.5628636249662107	1.219649282399124
2002.0	0.562863624966741	-1.2196492823984666
