1.0	0.5514167868688788	1.2200683139840707
2.0	0.5514167868686495	-1.2200683139843975
3.0	0.06481894579433167	-0.8587567861828113
4.0	0.013898103087956686	-0.5824215330786536
5.0	0.005066676393799275	-0.4334106261281611
6.0	0.0027478214651244738	-0.34329828583416006
7.0	0.001951641883856624	-0.2835829223645759
8.0	0.0016237246697926055	-0.24130449331254084
9.0	0.0014699011308340927	-0.2098734288899792
10.0	0.0013903788510313442	-0.1856216969556569
11.0	0.0013460594046292484	-0.1663567317394209
12.0	0.0013198383640246625	-0.15069152463866264
13.0	0.0013035526657943731	-0.1377075059215056
14.0	0.0012930223536728202	-0.12677295359963886
15.0	0.0012859790014910677	-0.11743950483925415
16.0	0.0012811300374034906	-0.10938032275094575
17.0	0.0012777077329897647	-0.10235163954926545
18.0	0.0012752394998724948	-0.09616800087740236
19.0	0.001273425238504785	-0.09068584733345668
20.0	0.001272069106739495	-0.08579233755002683
21.0	0.001271040174236945	-0.08139756242606701
22.0	0.0012702490025082102	-0.0774290096928571
23.0	0.0012696333056470388	-0.07382755589018836
24.0	0.0012691489454591987	-0.07054451626915621
25.0	0.0012687641472325063	-0.06753944093310782
26.0	0.0012684557060513835	-0.06477844613022757
27.0	0.0012682064517503255	-0.06223293513227884
28.0	0.0012680035259851387	-0.059878606654336954
29.0	0.0012678371923001064	-0.05769467818883336
30.0	0.0012677000023601792	-0.05566327184715923
31.0	0.0012675862043194698	-0.053768924403470926
32.0	0.001267491317214433	-0.05199819321241874
33.0	0.0012674118215222107	-0.05033933681785089
34.0	0.0012673449318683894	-0.04878205425308067
35.0	0.0012672884281771579	-0.04731727083015819
36.0	0.0012672405291198874	-0.045936961031146924
37.0	0.0012671997966336125	-0.04463400121757906
38.0	0.0012671650628437359	-0.04340204646459776
39.0	0.0012671353743320757	-0.04223542703355394
40.0	0.0012671099486590853	-0.041129060926690865
41.0	0.001267088140654048	-0.040078379683498484
42.0	0.0012670694160285079	-0.039079265138417425
43.0	0.0012670533304247223	-0.03812799529623571
44.0	0.0012670395129719904	-0.0372211978287939
45.0	0.0012670276529238677	-0.03635580996982581
46.0	0.001267017489282768	-0.03552904380399344
47.0	0.001267008802055667	-0.034738356123198345
48.0	0.0012670014054882283	-0.033981422163530256
49.0	0.0012669951424085257	-0.03325611265309641
50.0	0.0012669898796724478	-0.032560473693543875
51.0	0.0012669855044051392	-0.03189270907564497
52.0	0.0012669819209863741	-0.031251164692213014
53.0	0.0012669790484225196	-0.030634314763974234
54.0	0.001266976818387343	-0.03004074963702254
55.0	0.001266975173485122	-0.02946916494680964
56.0	0.0012669740657504846	-0.02891835197332326
57.0	0.0012669734557866686	-0.028387189037764812
58.0	0.0012669733114479265	-0.027874633811604512
59.0	0.001266973607410169	-0.027379716427454737
60.0	0.0012669743244830645	-0.026901533295932364
61.0	0.0012669754492238051	-0.026439241545630612
62.0	0.0012669769735751434	-0.0259920540141573
63.0	0.001266978894681885	-0.025559234727985932
64.0	0.0012669812149496051	-0.02514009481633698
65.0	0.0012669839420349149	-0.02473398881141002
66.0	0.0012669870890237346	-0.024340311293340685
67.0	0.001266990674873103	-0.023958493843321084
68.0	0.0012669947247413405	-0.02358800227246799
69.0	0.0012669992708146617	-0.023228334098376064
70.0	0.0012670043531592269	-0.022879016244423935
71.0	0.0012670100208769309	-0.022539602939499196
72.0	0.0012670163335336848	-0.022209673799355456
73.0	0.0012670233631672846	-0.02188883207170107
74.0	0.0012670311965369563	-0.021576703030974195
75.0	0.001267039938402469	-0.021272932508895344
76.0	0.0012670497153253058	-0.020977185549576758
77.0	0.0012670606808458495	-0.02068914517976928
78.0	0.001267073022145837	-0.02040851128565489
79.0	0.0012670869687260522	-0.020134999589676572
80.0	0.0012671028041942966	-0.019868340723295505
81.0	0.0012671208816629898	-0.019608279392037128
82.0	0.0012671416449862995	-0.01935457363318991
83.0	0.0012671656580688496	-0.019106994169607455
84.0	0.0012671936456636003	-0.0188653238665675
85.0	0.0012672265515190372	-0.01862935730628119
86.0	0.0012672656229237333	-0.018398900504172967
87.0	0.0012673125356990778	-0.01817377080628569
88.0	0.0012673695837746512	-0.01795379703162782
89.0	0.0012674399743461584	-0.017738819965076237
90.0	0.0012675283009725524	-0.017528693375550842
91.0	0.0012676413282862208	-0.017323285859674884
92.0	0.001267789344502972	-0.01712248404002403
93.0	0.00126798859940648	-0.01692619808550347
94.0	0.0012682659325545275	-0.016734371395749077
95.0	0.0012686681064401695	-0.01654699810240027
96.0	0.0012692819916605069	-0.016364155906259188
97.0	0.0012702817641576459	-0.016186069879816963
98.0	0.0012720476639323287	-0.016013236196354315
99.0	0.0012754624066770848	-0.015846612426484257
100.0	0.0012821108716615315	-0.01568722772407248
101.0	0.0012812471472411246	-0.015522281961904479
102.0	0.0012809722431433045	-0.015256329575638905
103.0	0.0012812531140531892	-0.015099496433390362
104.0	0.00127467251364196	-0.014953504891895912
105.0	0.0012713948646875584	-0.014806273056161754
106.0	0.001269740170900776	-0.014659098078805657
107.0	0.0012688238730025432	-0.014513050058648107
108.0	0.0012682731115605922	-0.014368694864536973
109.0	0.0012679197638943073	-0.014226317672201269
110.0	0.0012676811024953927	-0.014086057468526644
111.0	0.00126751314088563	-0.013947974896832206
112.0	0.0012673909251455268	-0.013812086871689349
113.0	0.0012672995153666694	-0.013678385014197452
114.0	0.0012672295549188918	-0.013546845933615246
115.0	0.0012671749569688896	-0.013417437209622358
116.0	0.001267131631163604	-0.013290121003368847
117.0	0.0012670967509125757	-0.013164856306283723
118.0	0.0012670683148079686	-0.013041600377170346
119.0	0.0012670448752847684	-0.012920309679285188
120.0	0.0012670253655561947	-0.012800940501754747
121.0	0.0012670089860260304	-0.012683449374710519
122.0	0.0012669951284083798	-0.012567793348927297
123.0	0.0012669833236010185	-0.012453930183081108
124.0	0.0012669732054688442	-0.012341818467498423
125.0	0.0012669644850456109	-0.012231417704402697
126.0	0.0012669569320003145	-0.012122688356810057
127.0	0.0012669503610381356	-0.012015591875576262
128.0	0.0012669446218314733	-0.011910090710634782
129.0	0.0012669395914266118	-0.011806148311050417
130.0	0.0012669351684824704	-0.011703729116792396
131.0	0.0012669312691283709	-0.011602798544927974
132.0	0.0012669278233097348	-0.011503322971784934
133.0	0.0012669247723163812	-0.011405269712182291
134.0	0.0012669220666470071	-0.01130860699677776
135.0	0.0012669196643618293	-0.01121330394814656
136.0	0.0012669175297235964	-0.01111933055632331
137.0	0.0012669156323249853	-0.011026657653736918
138.0	0.0012669139459917556	-0.010935256890461905
139.0	0.0012669124482872264	-0.010845100709268122
140.0	0.0012669111198016282	-0.010756162321303253
141.0	0.0012669099437737986	-0.01066841568195384
142.0	0.0012669089057906957	-0.010581835467556127
143.0	0.0012669079932038153	-0.010496397052329203
144.0	0.0012669071951512839	-0.010412076486225441
145.0	0.0012669065021596432	-0.010328850473266895
146.0	0.0012669059060679622	-0.010246696350615276
147.0	0.0012669053997505825	-0.010165592068316394
148.0	0.0012669049771703471	-0.01008551616969526
149.0	0.0012669046331022372	-0.010006447772418776
150.0	0.001266904363126225	-0.009928366550231615
151.0	0.0012669041635433498	-0.009851252715355942
152.0	0.0012669040312916597	-0.00977508700147164
153.0	0.0012669039639999424	-0.00969985064737383
154.0	0.0012669039598053322	-0.009625525381263359
155.0	0.0012669040174093594	-0.009552093405503658
156.0	0.0012669041361213413	-0.009479537382118071
157.0	0.0012669043156880023	-0.009407840418702126
158.0	0.001266904556462874	-0.009336986055133752
159.0	0.001266904859271678	-0.009266958250455887
160.0	0.0012669052255924096	-0.009197741370603977
161.0	0.0012669056574836207	-0.009129320176556972
162.0	0.0012669061576342528	-0.009061679812975463
163.0	0.0012669067294542498	-0.008994805797474097
164.0	0.0012669073771633804	-0.008928684010207105
165.0	0.0012669081058131776	-0.008863300684301788
166.0	0.0012669089214838896	-0.008798642396396873
167.0	0.0012669098313463306	-0.00873469605819264
168.0	0.001266910843985014	-0.008671448908274834
169.0	0.001266911969412044	-0.008608888504738128
170.0	0.0012669132194962768	-0.00854700271830398
171.0	0.001266914608197411	-0.00848577972634472
172.0	0.0012669161522187529	-0.008425208007736346
173.0	0.0012669178710266128	-0.008365276338419296
174.0	0.0012669197880763729	-0.008305973788362541
175.0	0.0012669219312659396	-0.008247289719691648
176.0	0.0012669243341433944	-0.008189213786318223
177.0	0.0012669270372478593	-0.008131735935606982
178.0	0.0012669300899088454	-0.008074846412527759
179.0	0.0012669335525047716	-0.008018535766572703
180.0	0.0012669374996844569	-0.007962794863146631
181.0	0.0012669420244086854	-0.007907614899635838
182.0	0.001266947243683093	-0.007852987428910057
183.0	0.0012669533063849863	-0.007798904392013917
184.0	0.0012669604041462663	-0.0077453581640384885
185.0	0.0012669687870798003	-0.007692341618238419
186.0	0.0012669787862870257	-0.007639848216487026
187.0	0.0012669908482015357	-0.007587872137765199
188.0	0.001267005584520643	-0.007536408464311099
189.0	0.001267023853222899	-0.0074854534542715566
190.0	0.0012670468861942774	-0.00743500495186514
191.0	0.0012670765023016072	-0.00738506301868741
192.0	0.0012671154754344172	-0.007335630934726818
193.0	0.0012671681991108968	-0.007286716840420884
194.0	0.0012672419514040856	-0.007238336535616413
195.0	0.0012673494515909472	-0.007190518461407827
196.0	0.001267514406031497	-0.0071433129822330455
197.0	0.0012677845185784897	-0.007096810397620314
198.0	0.0012682643777161989	-0.0070511760291253125
199.0	0.001269198241935397	-0.007006705407066881
200.0	0.0012710317792366877	-0.0069637250530606475
201.0	0.0012708394375953215	-0.00691877187663893
202.0	0.0012708054588332562	-0.006845266867894067
203.0	0.0012709257902368976	-0.006801316210310238
204.0	0.0012691006970553442	-0.006759990063423668
205.0	0.00126818383515663	-0.006717912709132737
206.0	0.001267717776666355	-0.006675441672682861
207.0	0.0012674580355693332	-0.006632883544387422
208.0	0.0012673009359460664	-0.006590408676762361
209.0	0.0012671995223891936	-0.0065481104675442015
210.0	0.0012671306008313955	-0.006506041762048226
211.0	0.001267081795152324	-0.0064642333454661294
212.0	0.001267046060489646	-0.006422703422083048
213.0	0.0012670191652346286	-0.006381462686735253
214.0	0.00126699845064987	-0.006340517168344703
215.0	0.0012669821816743794	-0.006299869896238587
216.0	0.00126696918856942	-0.006259521915445026
217.0	0.0012669586605663908	-0.006219472927547165
218.0	0.0012669500217642393	-0.006179721707399838
219.0	0.0012669428542714768	-0.0061402663815677
220.0	0.0012669368492229255	-0.0061011046188111165
221.0	0.0012669317743223647	-0.0060622337629961925
222.0	0.0012669274523541786	-0.006023650927707857
223.0	0.001266923746210955	-0.0059853530645754705
224.0	0.0012669205485388135	-0.005947337013378699
225.0	0.0012669177743313742	-0.005909599539109371
226.0	0.001266915355662252	-0.005872137359903918
227.0	0.0012669132376743387	-0.005834947168148212
228.0	0.0012669113757330774	-0.0057980256464620905
229.0	0.0012669097332180452	-0.005761369480089928
230.0	0.0012669082798813659	-0.005724975366371589
231.0	0.0012669069905624564	-0.005688840022095469
232.0	0.0012669058442530052	-0.005652960189167178
233.0	0.001266904823264896	-0.005617332639024372
234.0	0.0012669039126447946	-0.005581954176010142
235.0	0.001266903099683276	-0.005546821639950138
236.0	0.0012669023735627583	-0.005511931908103904
237.0	0.001266901724990479	-0.005477281896663843
238.0	0.0012669011460589047	-0.005442868561832272
239.0	0.0012669006298960366	-0.005408688900581492
240.0	0.0012669001706031263	-0.005374739951013791
241.0	0.0012668997629688389	-0.0053410187927958
242.0	0.0012668994028150044	-0.0053075225471047385
243.0	0.0012668990860955009	-0.005274248377071308
244.0	0.0012668988096396412	-0.005241193486792874
245.0	0.001266898570601563	-0.005208355122101354
246.0	0.0012668983665536126	-0.005175730569656423
247.0	0.0012668981953351144	-0.00514331715674351
248.0	0.001266898055212321	-0.005111112250977918
249.0	0.0012668979447736102	-0.005079113259874073
250.0	0.001266897862722019	-0.005047317630226781
251.0	0.0012668978081887656	-0.00501572284822967
252.0	0.0012668977804210274	-0.004984326438344212
253.0	0.0012668977789145031	-0.004953125963278877
254.0	0.0012668978033822597	-0.0049221190233074644
255.0	0.0012668978537662657	-0.004891303256062547
256.0	0.001266897930235988	-0.0048606763359475775
257.0	0.0012668980330829917	-0.004830235973767747
258.0	0.0012668981629497728	-0.004799979916314077
259.0	0.0012668983206146694	-0.004769905946142889
260.0	0.0012668985071607232	-0.004740011881030012
261.0	0.0012668987240164837	-0.004710295574082021
262.0	0.0012668989727113679	-0.004680754912930084
263.0	0.0012668992552965013	-0.004651387820074825
264.0	0.0012668995741317102	-0.004622192252552431
265.0	0.0012668999319985564	-0.0045931662019450805
266.0	0.0012669003321703549	-0.004564307694459632
267.0	0.0012669007784982301	-0.004535614791067971
268.0	0.0012669012755117549	-0.00450708558787221
269.0	0.0012669018284607691	-0.004478718216528461
270.0	0.0012669024435675441	-0.004450510844940236
271.0	0.0012669031281215114	-0.0044224616781419045
272.0	0.0012669038906791901	-0.004394568959519908
273.0	0.00126690474144524	-0.0043668309723006084
274.0	0.0012669056925172434	-0.004339246041533044
275.0	0.001266906758276522	-0.004311812536717313
276.0	0.0012669079560983188	-0.004284528874970258
277.0	0.001266909306925798	-0.004257393525179704
278.0	0.00126691083620741	-0.004230405013355647
279.0	0.0012669125752021238	-0.00420356192942279
280.0	0.0012669145624832623	-0.00417686293609018
281.0	0.0012669168461434805	-0.004150306780220602
282.0	0.0012669194868103156	-0.004123892308042866
283.0	0.0012669225615441137	-0.004097618485047044
284.0	0.001266926169785938	-0.004071484422749431
285.0	0.0012669304413425442	-0.004045489415210733
286.0	0.001266935548338154	-0.00401963298908281
287.0	0.0012669417226994378	-0.0039939149741508835
288.0	0.0012669492830757413	-0.00396833560361069
289.0	0.0012669586764793466	-0.003942895660832221
290.0	0.0012669705454844	-0.003917596698364295
291.0	0.0012669858399123213	-0.0038924413740568076
292.0	0.0012670060097068369	-0.0038674339829506623
293.0	0.0012670333541324147	-0.003842581328696954
294.0	0.0012670716863098263	-0.003817894208393776
295.0	0.0012671276781652274	-0.003793390054962226
296.0	0.001267213780769334	-0.00376909786321605
297.0	0.0012673550843871663	-0.0037450677592951484
298.0	0.0012676066892319936	-0.0037213896874377025
299.0	0.0012680975722729204	-0.003698223052304877
300.0	0.0012690644846751087	-0.0036757460678537484
301.0	0.001268972103974887	-0.0036521434364931334
302.0	0.0012689626361751128	-0.003613343015897482
303.0	0.0012690349536379037	-0.003590019713987781
304.0	0.0012680703969080564	-0.003568003594329339
305.0	0.0012675842542230543	-0.003545503634394274
306.0	0.0012673364975468936	-0.0035227065807851843
307.0	0.0012671980865174926	-0.003499774777860546
308.0	0.001267114175152182	-0.0034767993937063887
309.0	0.0012670598818135404	-0.0034538312036723156
310.0	0.0012670228981433173	-0.0034308996434812607
311.0	0.001266996647864982	-0.0034080225123212632
312.0	0.0012669773828131404	-0.003385210953413278
313.0	0.001266962848908303	-0.0033624721211811225
314.0	0.0012669516281653543	-0.0033398106778744
315.0	0.0012669427941823224	-0.0033172296715096774
316.0	0.0012669357217074168	-0.00329473107109608
317.0	0.001266929976827127	-0.0032723161050133977
318.0	0.0012669252510048223	-0.003249985481214083
319.0	0.0012669213201289087	-0.0032277395348982323
320.0	0.001266918018313838	-0.0032055783293765063
321.0	0.0012669152206928997	-0.0031835017271570386
322.0	0.0012669128319139163	-0.0031615094403987117
323.0	0.0012669107781275446	-0.0031396010676737014
324.0	0.0012669090013933714	-0.003117776121111577
325.0	0.0012669074558767617	-0.00309603404658245
326.0	0.0012669061048311075	-0.0030743742391463303
327.0	0.0012669049185896025	-0.0030527960547572725
328.0	0.001266903872996536	-0.0030312988193547824
329.0	0.0012669029481862776	-0.003009881836050072
330.0	0.0012669021277620879	-0.0029885443907100495
331.0	0.0012669013980668236	-0.0029672857562844986
332.0	0.0012669007476833023	-0.002946105196552966
333.0	0.0012669001669750495	-0.0029250019688493766
334.0	0.0012668996478069883	-0.002903975326465998
335.0	0.0012668991833332105	-0.0028830245204957
336.0	0.001266898767571813	-0.0028621488013529568
337.0	0.001266898395532035	-0.0028413474200898047
338.0	0.0012668980628765482	-0.0028206196294184365
339.0	0.0012668977658746138	-0.0027999646845284433
340.0	0.0012668975013463495	-0.0027793818438912204
341.0	0.0012668972664959895	-0.0027588703697454314
342.0	0.00126689705894313	-0.002738429528669038
343.0	0.0012668968766629647	-0.002718058591926013
344.0	0.00126689671789191	-0.002697756835849695
345.0	0.0012668965810038824	-0.0026775235421863408
346.0	0.0012668964648405744	-0.0026573579982257407
347.0	0.0012668963682845224	-0.0026372594970250768
348.0	0.0012668962904140658	-0.0026172273376801948
349.0	0.0012668962305042886	-0.002597260825369221
350.0	0.0012668961879891399	-0.0025773592715403076
351.0	0.0012668961624236242	-0.0025575219940182172
352.0	0.00126689615351954	-0.002537748317110073
353.0	0.0012668961611093982	-0.0025180375716671263
354.0	0.0012668961851475858	-0.0024983890951873013
355.0	0.0012668962257734828	-0.0024788022320096624
356.0	0.0012668962832429276	-0.002459276333257547
357.0	0.0012668963578790927	-0.002439810757078751
358.0	0.001266896450250591	-0.002420404868619059
359.0	0.001266896561017386	-0.0024010580402503514
360.0	0.0012668966910653202	-0.0023817696516861653
361.0	0.0012668968414236066	-0.0023625390901677048
362.0	0.001266897013326238	-0.0023433657506119728
363.0	0.0012668972082307607	-0.0023242490358433006
364.0	0.001266897427899561	-0.0023051883569022045
365.0	0.0012668976743351146	-0.0022861831332906903
366.0	0.0012668979499472876	-0.002267232793449378
367.0	0.0012668982575210269	-0.002248336775137026
368.0	0.0012668986002853655	-0.0022294945260067723
369.0	0.0012668989820128862	-0.0022107055041954535
370.0	0.0012668994071635064	-0.002191969179163244
371.0	0.0012668998809137755	-0.002173285032632844
372.0	0.001266900409430355	-0.0021546525596972364
373.0	0.0012669009999631692	-0.002136071270248632
374.0	0.0012669016611393386	-0.00211754069071373
375.0	0.0012669024032395488	-0.0020990603661086254
376.0	0.001266903238649456	-0.002080629862660204
377.0	0.0012669041822728033	-0.002062248771120062
378.0	0.0012669052523516017	-0.0020439167107963326
379.0	0.0012669064711321955	-0.002025633334799255
380.0	0.0012669078661707218	-0.00200739833661056
381.0	0.001266909471853509	-0.0019892114586620604
382.0	0.001266911331471226	-0.00197107250351538
383.0	0.0012669135001941074	-0.0019529813484987354
384.0	0.0012669160491500875	-0.0019349379653549902
385.0	0.0012669190712706734	-0.001916942446806665
386.0	0.0012669226899040343	-0.0018989950431993793
387.0	0.0012669270712841307	-0.00188109621351588
388.0	0.0012669324439765128	-0.0018632466986172782
389.0	0.001266939128838655	-0.0018454476275125936
390.0	0.0012669475874039493	-0.0018277006762903146
391.0	0.001266958502274776	-0.0018100083119702067
392.0	0.0012669729163234467	-0.001792374178254902
393.0	0.001266992484295697	-0.0017748037275099379
394.0	0.0012670199524703607	-0.001757305297704422
395.0	0.001267060129749517	-0.0017398920296816083
396.0	0.0012671219975012716	-0.0017225854426912634
397.0	0.0012672236700456319	-0.0017054223859206369
398.0	0.0012674049686003286	-0.0016884686338533709
399.0	0.0012677592374564983	-0.0016718405637707607
400.0	0.0012684584542670002	-0.0016556692770663393
401.0	0.0012683956588932172	-0.0016386464773179284
402.0	0.0012683925950633397	-0.0016105702807797816
403.0	0.001268448897998119	-0.0015936378726547407
404.0	0.0012677504437685	-0.0015776157185128249
405.0	0.0012673977092078498	-0.0015612033704329978
406.0	0.0012672176562221304	-0.0015445346804869205
407.0	0.0012671169200056554	-0.0015277269630210653
408.0	0.001267055761623544	-0.0015108463708596725
409.0	0.001267016134251896	-0.0014939299418723182
410.0	0.001266989102714662	-0.0014769993131328895
411.0	0.001266969889039642	-0.0014600677154308107
412.0	0.0012669557680210569	-0.0014431435666335233
413.0	0.0012669450994760888	-0.0014262323968110236
414.0	0.0012669368509329482	-0.0014093379290730788
415.0	0.0012669303473135025	-0.0013924627135637152
416.0	0.0012669251327259534	-0.0013756085143593587
417.0	0.0012669208905478546	-0.0013587765538686167
418.0	0.001266917395480977	-0.0013419676722079622
419.0	0.0012669144837852053	-0.001325182433881115
420.0	0.001266912034170386	-0.0013084212009201962
421.0	0.001266909955315252	-0.0012916841841875868
422.0	0.0012669081773686037	-0.0012749714800697931
423.0	0.001266906646254356	-0.0012582830971312252
424.0	0.0012669053195098218	-0.001241618975723237
425.0	0.0012669041635005745	-0.0012249790028142284
426.0	0.0012669031512683544	-0.0012083630231184141
427.0	0.0012669022610238478	-0.001191770847722945
428.0	0.0012669014750279661	-0.0011752022607459708
429.0	0.0012669007786790549	-0.0011586570245224058
430.0	0.0012669001599047447	-0.0011421348838118422
431.0	0.0012668996086814715	-0.0011256355690382382
432.0	0.0012668991165926552	-0.0011091587989151414
433.0	0.0012668986765510982	-0.0010927042827081027
434.0	0.0012668982825881142	-0.0010762717218586121
435.0	0.0012668979296048038	-0.001059860811489772
436.0	0.0012668976132700633	-0.0010434712415936026
437.0	0.001266897329863852	-0.0010271026979507538
438.0	0.0012668970762382897	-0.0010107548630349126
439.0	0.0012668968495629757	-0.0009944274166919674
440.0	0.0012668966476792993	-0.0009781200366271894
441.0	0.0012668964683870555	-0.0009618323990280565
442.0	0.001266896310020203	-0.0009455641789215978
443.0	0.0012668961710285886	-0.0009293150505120505
444.0	0.0012668960502418476	-0.0009130846875686246
445.0	0.001266895946480462	-0.0008968727636190926
446.0	0.001266895858864875	-0.000880678952212221
447.0	0.0012668957865990193	-0.0008645029271688181
448.0	0.0012668957290997564	-0.0008483443627174227
449.0	0.0012668956858579	-0.0008322029336530468
450.0	0.001266895656481245	-0.0008160783155839119
451.0	0.00126689564076362	-0.0007999701849458346
452.0	0.0012668956384994168	-0.0007838782193010627
453.0	0.0012668956496818347	-0.0007678020972768238
454.0	0.0012668956743826937	-0.0007517414988582454
455.0	0.0012668957127466851	-0.0007356961054254326
456.0	0.001266895765089352	-0.0007196655999468581
457.0	0.001266895831802239	-0.0007036496670698801
458.0	0.0012668959134111925	-0.0006876479933025792
459.0	0.0012668960105903472	-0.0006716602671460901
460.0	0.0012668961241306227	-0.0006556861793219314
461.0	0.0012668962550147684	-0.0006397254229136644
462.0	0.0012668964044088254	-0.0006237776936594895
463.0	0.001266896573574341	-0.0006078426899742623
464.0	0.001266896764177245	-0.0005919201137204103
465.0	0.0012668969780232887	-0.0005760096700234746
466.0	0.0012668972172582649	-0.0005601110679434506
467.0	0.0012668974843814467	-0.0005442240208618128
468.0	0.0012668977823007172	-0.0005283482470030349
469.0	0.0012668981143903796	-0.0005124834701083365
470.0	0.0012668984846520082	-0.0004966294201199402
471.0	0.001266898897718421	-0.00048078583413025457
472.0	0.0012668993590703676	-0.00046495245746328663
473.0	0.001266899875218705	-0.00044912904494405443
474.0	0.001266900453859568	-0.0004333153625015894
475.0	0.001266901104177662	-0.0004175111891625903
476.0	0.0012669018372283819	-0.0004017163193744281
477.0	0.0012669026663911403	-0.00038593056606172477
478.0	0.0012669036078870105	-0.00037015376436525085
479.0	0.0012669046816771734	-0.00035438577633222916
480.0	0.0012669059123789	-0.0003386264970021194
481.0	0.0012669073307625955	-0.00032287586214720744
482.0	0.0012669089756845043	-0.0003071338583628425
483.0	0.0012669108964941962	-0.0002914005365313626
484.0	0.0012669131569304792	-0.0002756760295445949
485.0	0.0012669158403771997	-0.00025996057632207415
486.0	0.001266919057405647	-0.00024425455497081286
487.0	0.0012669229572892233	-0.00022855852941079717
488.0	0.0012669277452999228	-0.00021287331512997299
489.0	0.0012669337097286255	-0.0001972000758386664
490.0	0.001266941265479809	-0.00018154046733304325
491.0	0.0012669510266232742	-0.00016589685833367428
492.0	0.0012669639316907882	-0.00015027267998212192
493.0	0.0012669814708632782	-0.00013467299837268177
494.0	0.0012670061186734543	-0.00011910549042236533
495.0	0.0012670422108379965	-0.00010358218172181559
496.0	0.001267097850250818	-8.812268861600734e-5
497.0	0.001267189391071321	-7.276052549686896e-5
498.0	0.0012673528149787815	-5.755545560034728e-5
499.0	0.0012676725626592329	-4.261326552504695e-5
500.0	0.001268304670628584	-2.8053879348706644e-5
501.0	0.0012682508167876944	-1.2697573333284146e-5
502.0	0.0012682508167804075	1.2697573338463913e-5
503.0	0.0012683046706241936	2.8053879352204084e-5
504.0	0.001267672562655876	4.261326551864432e-5
505.0	0.001267352814976102	5.7555455614800784e-5
506.0	0.0012671893910718057	7.276052550468533e-5
507.0	0.001267097850252627	8.812268862722654e-5
508.0	0.001267042210833002	0.00010358218172159597
509.0	0.0012670061186790783	0.00011910549042973394
510.0	0.0012669814708636767	0.00013467299837895464
511.0	0.0012669639316964959	0.00015027268000676787
512.0	0.0012669510266249135	0.00016589685834798932
513.0	0.001266941265492323	0.00018154046733752965
514.0	0.0012669337097335853	0.00019720007584256066
515.0	0.0012669277453008431	0.00021287331513916285
516.0	0.0012669229572924178	0.00022855852941604338
517.0	0.0012669190573991618	0.0002442545549930074
518.0	0.0012669158403656694	0.0002599605763035127
519.0	0.0012669131569485843	0.000275676029560332
520.0	0.001266910896520312	0.0002914005365812478
521.0	0.001266908975747111	0.0003071338583493916
522.0	0.0012669073308182088	0.00032287586210055417
523.0	0.0012669059124150684	0.00033862649697702065
524.0	0.0012669046816802438	0.00035438577633006623
525.0	0.001266903607886386	0.000370153764355503
526.0	0.0012669026663872174	0.0003859305660611325
527.0	0.0012669018372372576	0.0004017163193667569
528.0	0.00126690110417853	0.00041751118915737506
529.0	0.0012669004538481082	0.00043331536251361915
530.0	0.0012668998752156985	0.000449129044947144
531.0	0.0012668993590702544	0.00046495245747134
532.0	0.0012668988977125217	0.0004807858341190643
533.0	0.0012668984846458226	0.0004966294201095332
534.0	0.0012668981143887032	0.0005124834700960796
535.0	0.0012668977822950262	0.0005283482469952755
536.0	0.0012668974843833352	0.0005442240208588018
537.0	0.0012668972172656485	0.0005601110679406411
538.0	0.00126689697802642	0.0005760096700197725
539.0	0.0012668967641745387	0.0005919201137140916
540.0	0.0012668965735734194	0.0006078426899721357
541.0	0.0012668964043785968	0.0006237776936122479
542.0	0.0012668962550162655	0.0006397254229096813
543.0	0.0012668961241377157	0.0006556861793225534
544.0	0.0012668960105872368	0.0006716602671552601
545.0	0.0012668959134131419	0.0006876479932969415
546.0	0.001266895831800739	0.000703649667072564
547.0	0.0012668957650971747	0.0007196655999409768
548.0	0.001266895712746271	0.0007356961054318151
549.0	0.00126689567437414	0.0007517414988617888
550.0	0.0012668956496834627	0.0007678020972798523
551.0	0.0012668956385031172	0.0007838782193027617
552.0	0.0012668956407552768	0.0007999701849612537
553.0	0.0012668956564912015	0.000816078315578643
554.0	0.0012668956858525788	0.0008322029336538953
555.0	0.0012668957290901323	0.0008483443627092044
556.0	0.00126689578660448	0.0008645029271802935
557.0	0.0012668958588511869	0.000880678952224472
558.0	0.0012668959464828932	0.0008968727636199359
559.0	0.0012668960502502386	0.0009130846875850212
560.0	0.0012668961710809706	0.0009293150505202055
561.0	0.0012668963100266539	0.000945564178915755
562.0	0.001266896468407619	0.0009618323990242182
563.0	0.0012668966476891857	0.0009781200366181595
564.0	0.001266896849623746	0.0009944274166760138
565.0	0.0012668970762214277	0.0010107548630319408
566.0	0.0012668973298702879	0.0010271026979486865
567.0	0.0012668976132590925	0.0010434712415942815
568.0	0.0012668979295991684	0.0010598608115013517
569.0	0.0012668982825907748	0.00107627172186608
570.0	0.001266898676556208	0.0010927042827092758
571.0	0.0012668991165817561	0.0011091587989168824
572.0	0.001266899608679889	0.0011256355690281812
573.0	0.0012669001599025953	0.0011421348838102782
574.0	0.0012669007786618902	0.001158657024520935
575.0	0.001266901475025483	0.0011752022607407501
576.0	0.0012669022610286157	0.0011917708477580016
577.0	0.0012669031512695505	0.001208363023114326
578.0	0.0012669041634987323	0.0012249790028153321
579.0	0.0012669053195097347	0.001241618975730388
580.0	0.0012669066462478813	0.001258283097138657
581.0	0.0012669081773716768	0.001274971480071207
582.0	0.0012669099553111042	0.0012916841841851998
583.0	0.0012669120341663393	0.001308421200921314
584.0	0.0012669144837819074	0.0013251824338886967
585.0	0.0012669173954806268	0.0013419676722090693
586.0	0.0012669208905427942	0.0013587765538662017
587.0	0.0012669251327279108	0.0013756085143580151
588.0	0.0012669303472747785	0.0013924627135915597
589.0	0.001266936850930076	0.0014093379290798492
590.0	0.001266945099480482	0.0014262323968111492
591.0	0.0012669557680288718	0.0014431435666301285
592.0	0.0012669698890453323	0.0014600677154306455
593.0	0.0012669891027004044	0.0014769993131267046
594.0	0.0012670161342490877	0.001493929941880918
595.0	0.001267055761622397	0.0015108463708688002
596.0	0.0012671169200079834	0.0015277269630314073
597.0	0.0012672176562406091	0.0015445346804862207
598.0	0.0012673977092102085	0.0015612033704541523
599.0	0.001267750443785548	0.001577615718516328
600.0	0.0012684488980154907	0.001593637872658512
601.0	0.0012683925950863352	0.0016105702807724853
602.0	0.0012683956589183	0.0016386464773048446
603.0	0.0012684584542759282	0.0016556692770362963
604.0	0.0012677592374425173	0.0016718405637448455
605.0	0.0012674049685817085	0.0016884686338322007
606.0	0.0012672236700334227	0.0017054223859211302
607.0	0.0012671219975014065	0.0017225854426930313
608.0	0.0012670601297552443	0.0017398920296694393
609.0	0.0012670199524745806	0.001757305297700568
610.0	0.0012669924842929315	0.0017748037274983397
611.0	0.0012669729163108762	0.0017923741782492927
612.0	0.0012669585022620734	0.001810008311967432
613.0	0.00126694758740168	0.0018277006762936403
614.0	0.0012669391288408693	0.0018454476275128221
615.0	0.0012669324439744045	0.001863246698619429
616.0	0.0012669270712743297	0.0018810962134967399
617.0	0.0012669226898976043	0.0018989950431616543
618.0	0.0012669190712840145	0.001916942446804809
619.0	0.0012669160491403653	0.001934937965346395
620.0	0.0012669135001903526	0.0019529813484968962
621.0	0.001266911331462141	0.001971072503522802
622.0	0.0012669094718416713	0.001989211458662327
623.0	0.0012669078661697586	0.0020073983365974614
624.0	0.0012669064711221551	0.0020256333347856226
625.0	0.0012669052523472074	0.0020439167107925513
626.0	0.0012669041822784576	0.0020622487711126685
627.0	0.0012669032386445063	0.0020806298626732905
628.0	0.0012669024032367809	0.002099060366086384
629.0	0.0012669016611305756	0.0021175406907174062
630.0	0.0012669009999600462	0.0021360712702555127
631.0	0.0012669004094240726	0.002154652559684701
632.0	0.0012668998809077447	0.0021732850326280197
633.0	0.0012668994071446049	0.0021919691791612143
634.0	0.001266898982006619	0.0022107055041907233
635.0	0.0012668986002742778	0.002229494526005572
636.0	0.0012668982575185306	0.0022483367751396795
637.0	0.0012668979499549228	0.002267232793442187
638.0	0.0012668976743162442	0.0022861831332723305
639.0	0.0012668974278453714	0.0023051883568836456
640.0	0.0012668972081886192	0.0023242490358566805
641.0	0.0012668970132810686	0.0023433657506471933
642.0	0.0012668968414055726	0.002362539090214206
643.0	0.0012668966910722912	0.0023817696517296504
644.0	0.0012668965610366312	0.0024010580402706438
645.0	0.001266896450254038	0.0024204048686303293
646.0	0.0012668963578828063	0.0024398107570990264
647.0	0.0012668962832348097	0.0024592763332794494
648.0	0.0012668962257886107	0.0024788022320231928
649.0	0.0012668961851563776	0.0024983890951888357
650.0	0.001266896161099209	0.002518037571651225
651.0	0.0012668961535131473	0.002537748317116203
652.0	0.0012668961624224839	0.002557521994035017
653.0	0.001266896187997806	0.002577359271550135
654.0	0.0012668962305174892	0.002597260825370175
655.0	0.0012668962904126418	0.002617227337674884
656.0	0.0012668963682931074	0.002637259497029653
657.0	0.0012668964648352998	0.0026573579982215535
658.0	0.0012668965810064504	0.0026775235421982145
659.0	0.001266896717851843	0.002697756835865962
660.0	0.0012668968766554789	0.0027180585919122295
661.0	0.001266897058950856	0.0027384295286634287
662.0	0.0012668972664961447	0.0027588703697451968
663.0	0.0012668975013447182	0.0027793818438982165
664.0	0.0012668977658867302	0.002799964684540804
665.0	0.0012668980628739819	0.002820619629411807
666.0	0.0012668983955281554	0.0028413474200855667
667.0	0.001266898767570769	0.0028621488013473753
668.0	0.0012668991833246746	0.0028830245204931747
669.0	0.001266899647828299	0.0029039753264674156
670.0	0.0012669001669641145	0.0029250019688508706
671.0	0.0012669007476738675	0.002946105196549701
672.0	0.001266901398060127	0.002967285756283441
673.0	0.0012669021277604802	0.002988544390708969
674.0	0.0012669029481847621	0.0030098818360607287
675.0	0.0012669038729984194	0.003031298819351352
676.0	0.0012669049185945341	0.003052796054742687
677.0	0.0012669061048184865	0.0030743742391438913
678.0	0.0012669074558435533	0.003096034046547293
679.0	0.0012669090013883416	0.0031177761211192085
680.0	0.0012669107781074901	0.0031396010676966414
681.0	0.0012669128319131046	0.0031615094404100546
682.0	0.0012669152206917671	0.0031835017271726806
683.0	0.0012669180183065415	0.00320557832938749
684.0	0.0012669213201235985	0.003227739534908553
685.0	0.0012669252510114826	0.0032499854812452003
686.0	0.0012669299768310815	0.0032723161050236885
687.0	0.0012669357217156574	0.0032947310711013244
688.0	0.0012669427941800083	0.003317229671508298
689.0	0.0012669516281551409	0.0033398106778717547
690.0	0.0012669628488914165	0.0033624721211687842
691.0	0.001266977382821138	0.003385210953424066
692.0	0.0012669966478709887	0.003408022512327212
693.0	0.001267022898154247	0.0034308996434808574
694.0	0.001267059881812353	0.0034538312036713438
695.0	0.0012671141751486965	0.003476799393716921
696.0	0.0012671980865018174	0.00349977477786363
697.0	0.0012673364975561174	0.00352270658080474
698.0	0.001267584254221385	0.003545503634397803
699.0	0.0012680703969045705	0.0035680035943409134
700.0	0.0012690349536410074	0.0035900197139898853
701.0	0.0012689626361794709	0.003613343015897515
702.0	0.0012689721039696577	0.0036521434364992673
703.0	0.001269064484665215	0.003675746067853083
704.0	0.001268097572264269	0.0036982230523057726
705.0	0.0012676066892317683	0.0037213896874428018
706.0	0.0012673550843852032	0.003745067759286799
707.0	0.001267213780773344	0.003769097863225379
708.0	0.0012671276781659668	0.0037933900549603893
709.0	0.001267071686303936	0.003817894208393842
710.0	0.0012670333541355083	0.0038425813287021665
711.0	0.00126700600969688	0.0038674339829420827
712.0	0.0012669858398942724	0.0038924413740685057
713.0	0.0012669705455041114	0.003917596698371499
714.0	0.0012669586764794305	0.00394289566082672
715.0	0.0012669492830704903	0.003968335603599447
716.0	0.0012669417226902119	0.003993914974149285
717.0	0.0012669355483170064	0.004019632989099994
718.0	0.001266930441338926	0.004045489415209222
719.0	0.0012669261697695916	0.0040714844227576616
720.0	0.0012669225615261636	0.004097618485045537
721.0	0.0012669194867831308	0.004123892308068074
722.0	0.0012669168461555836	0.004150306780246255
723.0	0.0012669145624900808	0.004176862936107014
724.0	0.0012669125752240006	0.004203561929448032
725.0	0.0012669108362334846	0.0042304050133626665
726.0	0.0012669093069326038	0.004257393525174658
727.0	0.0012669079561056717	0.004284528874968265
728.0	0.0012669067582818994	0.004311812536717814
729.0	0.0012669056925081479	0.004339246041534107
730.0	0.0012669047414586576	0.004366830972292033
731.0	0.0012669038906888298	0.004394568959526377
732.0	0.0012669031281119525	0.004422461678149968
733.0	0.001266902443573224	0.004450510844936793
734.0	0.0012669018284679008	0.004478718216524508
735.0	0.0012669012755113453	0.004507085587869415
736.0	0.0012669007785047048	0.0045356147910725715
737.0	0.001266900332170431	0.0045643076944637635
738.0	0.0012668999319986813	0.0045931662019540985
739.0	0.0012668995741368261	0.0046221922525549524
740.0	0.0012668992553092286	0.004651387820074935
741.0	0.0012668989727198205	0.004680754912933189
742.0	0.0012668987240111202	0.004710295574095307
743.0	0.0012668985071996198	0.004740011881095188
744.0	0.0012668983206270768	0.004769905946152289
745.0	0.0012668981629440695	0.004799979916326563
746.0	0.0012668980330893804	0.0048302359737600374
747.0	0.0012668979302289036	0.004860676335953039
748.0	0.0012668978537837005	0.004891303256067858
749.0	0.0012668978033976274	0.004922119023300583
750.0	0.0012668977789168229	0.004953125963260459
751.0	0.0012668977804246029	0.004984326438355985
752.0	0.001266897808198349	0.005015722848235786
753.0	0.0012668978627438337	0.005047317630233888
754.0	0.0012668979447668293	0.00507911325979792
755.0	0.0012668980552270582	0.005111112250954643
756.0	0.0012668981953269287	0.005143317156749098
757.0	0.001266898366553506	0.005175730569675353
758.0	0.0012668985706548346	0.005208355122121198
759.0	0.0012668988097059874	0.0052411934867700165
760.0	0.001266899086130322	0.005274248376958485
761.0	0.001266899402793032	0.005307522547089203
762.0	0.001266899763010913	0.005341018792704401
763.0	0.0012669001705421868	0.005374739950963482
764.0	0.0012669006298522368	0.005408688900571421
765.0	0.0012669011460323704	0.005442868561856453
766.0	0.0012669017249779635	0.0054772818966629735
767.0	0.0012669023735387426	0.0055119319080902
768.0	0.0012669030996650282	0.005546821639942643
769.0	0.0012669039126340076	0.005581954176017998
770.0	0.0012669048232720982	0.005617332639038543
771.0	0.001266905844257691	0.005652960189168882
772.0	0.0012669069905616615	0.005688840022090027
773.0	0.0012669082798604115	0.005724975366373139
774.0	0.0012669097332112167	0.005761369480086656
775.0	0.0012669113757253464	0.005798025646469452
776.0	0.0012669132376729915	0.005834947168150323
777.0	0.00126691535566386	0.005872137359904468
778.0	0.001266917774329822	0.005909599539097198
779.0	0.0012669205485220274	0.005947337013376567
780.0	0.0012669237462072092	0.0059853530645924274
781.0	0.0012669274523597796	0.006023650927710486
782.0	0.0012669317743392754	0.006062233762998513
783.0	0.0012669368492124488	0.00610110461881507
784.0	0.001266942854264798	0.006140266381575796
785.0	0.0012669500217399965	0.006179721707395423
786.0	0.0012669586605749956	0.006219472927547751
787.0	0.0012669691885689343	0.006259521915441863
788.0	0.0012669821816548926	0.00629986989624459
789.0	0.0012669984506551246	0.006340517168365697
790.0	0.0012670191652295127	0.006381462686742239
791.0	0.0012670460604999824	0.006422703422088999
792.0	0.0012670817951564435	0.00646423334546024
793.0	0.0012671306008237137	0.006506041762049085
794.0	0.0012671995223682486	0.0065481104675503944
795.0	0.0012673009359337962	0.006590408676788878
796.0	0.0012674580355799703	0.006632883544390888
797.0	0.0012677177766773308	0.006675441672678846
798.0	0.0012681838351561814	0.006717912709115914
799.0	0.0012691006970540653	0.006759990063403755
800.0	0.0012709257902375603	0.006801316210314699
801.0	0.0012708054588396285	0.006845266867871336
802.0	0.0012708394375844424	0.006918771876625036
803.0	0.0012710317792237913	0.006963725053055166
804.0	0.0012691982419309445	0.007006705407063221
805.0	0.0012682643777488973	0.0070511760291395425
806.0	0.0012677845185593273	0.007096810397628321
807.0	0.0012675144060326198	0.007143312982233833
808.0	0.0012673494515887773	0.007190518461415169
809.0	0.0012672419513986588	0.007238336535621365
810.0	0.0012671681991312895	0.007286716840420441
811.0	0.0012671154754276747	0.007335630934727454
812.0	0.0012670765022925823	0.007385063018681616
813.0	0.0012670468861831674	0.007435004951873431
814.0	0.0012670238532204526	0.007485453454272212
815.0	0.001267005584513311	0.0075364084643128005
816.0	0.0012669908481998716	0.007587872137763247
817.0	0.0012669787864061732	0.007639848216446717
818.0	0.0012669687870767404	0.007692341618235879
819.0	0.0012669604041400985	0.007745358164045074
820.0	0.0012669533063835643	0.007798904392021578
821.0	0.0012669472436880986	0.00785298742890669
822.0	0.0012669420244065316	0.00790761489962658
823.0	0.0012669374996856914	0.007962794863133692
824.0	0.0012669335525018245	0.008018535766580558
825.0	0.0012669300898964391	0.008074846412516722
826.0	0.0012669270372429415	0.008131735935617538
827.0	0.0012669243341325376	0.00818921378631728
828.0	0.0012669219312555974	0.00824728971969372
829.0	0.0012669197880738176	0.008305973788367206
830.0	0.0012669178710334767	0.008365276338419006
831.0	0.001266916152211154	0.00842520800774014
832.0	0.0012669146082325566	0.008485779726357149
833.0	0.0012669132194884087	0.008547002718305177
834.0	0.0012669119694042736	0.008608888504744922
835.0	0.0012669108439821903	0.00867144890828377
836.0	0.0012669098313645212	0.00873469605818585
837.0	0.0012669089214803848	0.008798642396387509
838.0	0.0012669081058169346	0.00886330068429214
839.0	0.0012669073771691187	0.008928684010215746
840.0	0.0012669067294628288	0.008994805797453985
841.0	0.0012669061576254881	0.009061679812956976
842.0	0.001266905657463724	0.009129320176532117
843.0	0.001266905225570178	0.009197741370594398
844.0	0.0012669048592399658	0.009266958250463449
845.0	0.001266904556423551	0.00933698605515704
846.0	0.0012669043156782716	0.009407840418730405
847.0	0.0012669041361198553	0.009479537382116194
848.0	0.0012669040174254336	0.009552093405511898
849.0	0.0012669039598000786	0.009625525381276515
850.0	0.0012669039640003626	0.009699850647397408
851.0	0.0012669040312929404	0.009775087001481808
852.0	0.0012669041635205752	0.009851252715371357
853.0	0.0012669043631158006	0.009928366550246178
854.0	0.0012669046330993855	0.010006447772428248
855.0	0.001266904977172479	0.010085516169701983
856.0	0.001266905399753457	0.010165592068320864
857.0	0.0012669059060493016	0.010246696350617302
858.0	0.0012669065021560838	0.010328850473269938
859.0	0.0012669071951426508	0.01041207648623562
860.0	0.0012669079932035733	0.010496397052340746
861.0	0.0012669089057808847	0.010581835467564764
862.0	0.0012669099437823022	0.010668415681967643
863.0	0.0012669111197785349	0.010756162321303431
864.0	0.0012669124482640054	0.010845100709286515
865.0	0.0012669139459847334	0.010935256890474095
866.0	0.0012669156323125337	0.011026657653753456
867.0	0.0012669175297219204	0.011119330556324422
868.0	0.001266919664335754	0.011213303948166753
869.0	0.0012669220666376908	0.011308606996792113
870.0	0.0012669247723114947	0.011405269712202088
871.0	0.0012669278232908044	0.011503322971795602
872.0	0.001266931269104532	0.011602798544932307
873.0	0.0012669351684644692	0.011703729116805697
874.0	0.001266939591391975	0.01180614831108866
875.0	0.0012669446218303603	0.011910090710668581
876.0	0.0012669503610388195	0.012015591875575962
877.0	0.0012669569319680668	0.012122688356813094
878.0	0.0012669644849850259	0.01223141770444433
879.0	0.001266973205419061	0.012341818467601535
880.0	0.0012669833236108041	0.01245393018322767
881.0	0.001266995128487518	0.012567793349082606
882.0	0.0012670089861633615	0.012683449374770077
883.0	0.0012670253656905885	0.012800940501736968
884.0	0.0012670448753724173	0.012920309679253663
885.0	0.0012670683148259065	0.013041600377097614
886.0	0.0012670967509146637	0.013164856306268376
887.0	0.0012671316311939557	0.01329012100335485
888.0	0.0012671749570010494	0.01341743720960764
889.0	0.001267229554939811	0.013546845933594539
890.0	0.001267299515365144	0.01367838501417454
891.0	0.0012673909251670167	0.013812086871688452
892.0	0.0012675131408988322	0.013947974896833535
893.0	0.001267681102513094	0.014086057468526909
894.0	0.0012679197639144653	0.014226317672191211
895.0	0.0012682731115592994	0.014368694864507026
896.0	0.0012688238730029528	0.014513050058649958
897.0	0.0012697401708943706	0.014659098078794217
898.0	0.0012713948646882556	0.014806273056177535
899.0	0.0012746725136503901	0.014953504891888455
900.0	0.0012812531140524686	0.01509949643339097
901.0	0.0012809722431298555	0.015256329575631427
902.0	0.0012812471472590204	0.015522281961881443
903.0	0.0012821108716413966	0.01568722772407829
904.0	0.0012754624066777388	0.015846612426482925
905.0	0.001272047663935746	0.016013236196340302
906.0	0.0012702817641630248	0.01618606987981531
907.0	0.0012692819916621456	0.01636415590626362
908.0	0.001268668106426838	0.01654699810242014
909.0	0.0012682659325453627	0.01673437139574497
910.0	0.0012679885994042973	0.016926198085491506
911.0	0.0012677893444940425	0.017122484040014062
912.0	0.0012676413282874698	0.017323285859686822
913.0	0.0012675283009857107	0.01752869337555751
914.0	0.0012674399743530652	0.017738819965073913
915.0	0.001267369583776522	0.017953797031616512
916.0	0.0012673125356894167	0.01817377080627506
917.0	0.001267265622915238	0.018398900504187684
918.0	0.0012672265515082958	0.018629357306288067
919.0	0.0012671936456578549	0.018865323866581313
920.0	0.0012671656580881363	0.01910699416962535
921.0	0.0012671416450038076	0.01935457363319183
922.0	0.0012671208816704739	0.019608279392035445
923.0	0.0012671028042150678	0.019868340723322102
924.0	0.001267086968747424	0.02013499958967129
925.0	0.0012670730221404924	0.02040851128561559
926.0	0.0012670606808514984	0.02068914517975888
927.0	0.0012670497153328187	0.020977185549560653
928.0	0.0012670399384101861	0.021272932508878278
929.0	0.0012670311965402082	0.021576703030974472
930.0	0.0012670233631532379	0.02188883207168517
931.0	0.0012670163335373264	0.022209673799340367
932.0	0.0012670100208751534	0.02253960293950938
933.0	0.00126700435316499	0.02287901624441195
934.0	0.0012669992708107002	0.023228334098370267
935.0	0.0012669947247345038	0.02358800227245564
936.0	0.0012669906748664528	0.023958493843323967
937.0	0.0012669870890353364	0.02434031129334819
938.0	0.0012669839420322959	0.024733988811406968
939.0	0.0012669812149443426	0.02514009481633702
940.0	0.0012669788946686011	0.02555923472798338
941.0	0.0012669769735584259	0.025992054014147815
942.0	0.0012669754492258645	0.02643924154563206
943.0	0.0012669743244890842	0.026901533295943705
944.0	0.0012669736074022242	0.027379716427450653
945.0	0.0012669733114375826	0.02787463381159957
946.0	0.0012669734557853641	0.028387189037766075
947.0	0.001266974065781451	0.028918351973325623
948.0	0.0012669751734817759	0.02946916494680321
949.0	0.0012669768183989748	0.030040749637027606
950.0	0.001266979048427449	0.030634314763981017
951.0	0.001266981920987328	0.031251164692218676
952.0	0.001266985504412631	0.03189270907564235
953.0	0.0012669898796626455	0.03256047369354073
954.0	0.0012669951423915028	0.03325611265309271
955.0	0.001267001405468614	0.033981422163535224
956.0	0.0012670088020412084	0.03473835612320633
957.0	0.0012670174892747855	0.035529043804011264
958.0	0.001267027652928554	0.03635580996982207
959.0	0.001267039512964051	0.0372211978287975
960.0	0.0012670533304370846	0.038127995296219956
961.0	0.0012670694160391016	0.03907926513842083
962.0	0.0012670881406779	0.04007837968351737
963.0	0.0012671099486815907	0.04112906092667485
964.0	0.0012671353743578062	0.04223542703353741
965.0	0.0012671650628592014	0.0434020464645713
966.0	0.0012671997966305583	0.04463400121756728
967.0	0.0012672405291418221	0.04593696103112967
968.0	0.0012672884281897002	0.04731727083016649
969.0	0.0012673449318915508	0.048782054253069286
970.0	0.0012674118215376185	0.05033933681784917
971.0	0.001267491317217585	0.051998193212415694
972.0	0.0012675862043198761	0.0537689244034828
973.0	0.0012677000023375263	0.055663271847140365
974.0	0.0012678371922660104	0.05769467818882582
975.0	0.0012680035259862732	0.05987860665433289
976.0	0.0012682064517484414	0.06223293513228703
977.0	0.0012684557060506875	0.06477844613020083
978.0	0.001268764147256063	0.0675394409330953
979.0	0.001269148945462525	0.07054451626914193
980.0	0.0012696333056479436	0.07382755589020891
981.0	0.001270249002557714	0.0774290096928413
982.0	0.0012710401742586452	0.08139756242606196
983.0	0.0012720691067550605	0.08579233755002974
984.0	0.0012734252385001089	0.09068584733345134
985.0	0.0012752394998580118	0.09616800087738897
986.0	0.001277707732987934	0.10235163954927076
987.0	0.00128113003742092	0.10938032275094134
988.0	0.0012859790014996464	0.11743950483924415
989.0	0.0012930223536597796	0.12677295359964594
990.0	0.0013035526657622209	0.1377075059215096
991.0	0.0013198383639699163	0.1506915246386665
992.0	0.0013460594045345798	0.1663567317394163
993.0	0.0013903788510399384	0.1856216969556402
994.0	0.0014699011308017718	0.20987342888998406
995.0	0.001623724669781642	0.24130449331252382
996.0	0.001951641883716485	0.2835829223645922
997.0	0.0027478214651634448	0.34329828583415983
998.0	0.005066676393783564	0.4334106261281579
999.0	0.013898103087816463	0.5824215330786933
1000.0	0.06481894579463461	0.8587567861826487
1001.0	0.5514167868688522	1.2200683139841224
1002.0	0.5514167868688522	-1.2200683139841224
1003.0	0.06481894579463461	-0.8587567861826487
1004.0	0.013898103087816463	-0.5824215330786933
1005.0	0.005066676393783564	-0.4334106261281579
1006.0	0.0027478214651634448	-0.34329828583415983
1007.0	0.001951641883716485	-0.2835829223645922
1008.0	0.001623724669781642	-0.24130449331252382
1009.0	0.0014699011308017718	-0.20987342888998406
1010.0	0.0013903788510399384	-0.1856216969556402
1011.0	0.0013460594045345798	-0.1663567317394163
1012.0	0.0013198383639699163	-0.1506915246386665
1013.0	0.0013035526657622209	-0.1377075059215096
1014.0	0.0012930223536597796	-0.12677295359964594
1015.0	0.0012859790014996464	-0.11743950483924415
1016.0	0.00128113003742092	-0.10938032275094134
1017.0	0.001277707732987934	-0.10235163954927076
1018.0	0.0012752394998580118	-0.09616800087738897
1019.0	0.0012734252385001089	-0.09068584733345134
1020.0	0.0012720691067550605	-0.08579233755002974
1021.0	0.0012710401742586452	-0.08139756242606196
1022.0	0.001270249002557714	-0.0774290096928413
1023.0	0.0012696333056479436	-0.07382755589020891
1024.0	0.001269148945462525	-0.07054451626914193
1025.0	0.001268764147256063	-0.0675394409330953
1026.0	0.0012684557060506875	-0.06477844613020083
1027.0	0.0012682064517484414	-0.06223293513228703
1028.0	0.0012680035259862732	-0.05987860665433289
1029.0	0.0012678371922660104	-0.05769467818882582
1030.0	0.0012677000023375263	-0.055663271847140365
1031.0	0.0012675862043198761	-0.0537689244034828
1032.0	0.001267491317217585	-0.051998193212415694
1033.0	0.0012674118215376185	-0.05033933681784917
1034.0	0.0012673449318915508	-0.048782054253069286
1035.0	0.0012672884281897002	-0.04731727083016649
1036.0	0.0012672405291418221	-0.04593696103112967
1037.0	0.0012671997966305583	-0.04463400121756728
1038.0	0.0012671650628592014	-0.0434020464645713
1039.0	0.0012671353743578062	-0.04223542703353741
1040.0	0.0012671099486815907	-0.04112906092667485
1041.0	0.0012670881406779	-0.04007837968351737
1042.0	0.0012670694160391016	-0.03907926513842083
1043.0	0.0012670533304370846	-0.038127995296219956
1044.0	0.001267039512964051	-0.0372211978287975
1045.0	0.001267027652928554	-0.03635580996982207
1046.0	0.0012670174892747855	-0.035529043804011264
1047.0	0.0012670088020412084	-0.03473835612320633
1048.0	0.001267001405468614	-0.033981422163535224
1049.0	0.0012669951423915028	-0.03325611265309271
1050.0	0.0012669898796626455	-0.03256047369354073
1051.0	0.001266985504412631	-0.03189270907564235
1052.0	0.001266981920987328	-0.031251164692218676
1053.0	0.001266979048427449	-0.030634314763981017
1054.0	0.0012669768183989748	-0.030040749637027606
1055.0	0.0012669751734817759	-0.02946916494680321
1056.0	0.001266974065781451	-0.028918351973325623
1057.0	0.0012669734557853641	-0.028387189037766075
1058.0	0.0012669733114375826	-0.02787463381159957
1059.0	0.0012669736074022242	-0.027379716427450653
1060.0	0.0012669743244890842	-0.026901533295943705
1061.0	0.0012669754492258645	-0.02643924154563206
1062.0	0.0012669769735584259	-0.025992054014147815
1063.0	0.0012669788946686011	-0.02555923472798338
1064.0	0.0012669812149443426	-0.02514009481633702
1065.0	0.0012669839420322959	-0.024733988811406968
1066.0	0.0012669870890353364	-0.02434031129334819
1067.0	0.0012669906748664528	-0.023958493843323967
1068.0	0.0012669947247345038	-0.02358800227245564
1069.0	0.0012669992708107002	-0.023228334098370267
1070.0	0.00126700435316499	-0.02287901624441195
1071.0	0.0012670100208751534	-0.02253960293950938
1072.0	0.0012670163335373264	-0.022209673799340367
1073.0	0.0012670233631532379	-0.02188883207168517
1074.0	0.0012670311965402082	-0.021576703030974472
1075.0	0.0012670399384101861	-0.021272932508878278
1076.0	0.0012670497153328187	-0.020977185549560653
1077.0	0.0012670606808514984	-0.02068914517975888
1078.0	0.0012670730221404924	-0.02040851128561559
1079.0	0.001267086968747424	-0.02013499958967129
1080.0	0.0012671028042150678	-0.019868340723322102
1081.0	0.0012671208816704739	-0.019608279392035445
1082.0	0.0012671416450038076	-0.01935457363319183
1083.0	0.0012671656580881363	-0.01910699416962535
1084.0	0.0012671936456578549	-0.018865323866581313
1085.0	0.0012672265515082958	-0.018629357306288067
1086.0	0.001267265622915238	-0.018398900504187684
1087.0	0.0012673125356894167	-0.01817377080627506
1088.0	0.001267369583776522	-0.017953797031616512
1089.0	0.0012674399743530652	-0.017738819965073913
1090.0	0.0012675283009857107	-0.01752869337555751
1091.0	0.0012676413282874698	-0.017323285859686822
1092.0	0.0012677893444940425	-0.017122484040014062
1093.0	0.0012679885994042973	-0.016926198085491506
1094.0	0.0012682659325453627	-0.01673437139574497
1095.0	0.001268668106426838	-0.01654699810242014
1096.0	0.0012692819916621456	-0.01636415590626362
1097.0	0.0012702817641630248	-0.01618606987981531
1098.0	0.001272047663935746	-0.016013236196340302
1099.0	0.0012754624066777388	-0.015846612426482925
1100.0	0.0012821108716413966	-0.01568722772407829
1101.0	0.0012812471472590204	-0.015522281961881443
1102.0	0.0012809722431298555	-0.015256329575631427
1103.0	0.0012812531140524686	-0.01509949643339097
1104.0	0.0012746725136503901	-0.014953504891888455
1105.0	0.0012713948646882556	-0.014806273056177535
1106.0	0.0012697401708943706	-0.014659098078794217
1107.0	0.0012688238730029528	-0.014513050058649958
1108.0	0.0012682731115592994	-0.014368694864507026
1109.0	0.0012679197639144653	-0.014226317672191211
1110.0	0.001267681102513094	-0.014086057468526909
1111.0	0.0012675131408988322	-0.013947974896833535
1112.0	0.0012673909251670167	-0.013812086871688452
1113.0	0.001267299515365144	-0.01367838501417454
1114.0	0.001267229554939811	-0.013546845933594539
1115.0	0.0012671749570010494	-0.01341743720960764
1116.0	0.0012671316311939557	-0.01329012100335485
1117.0	0.0012670967509146637	-0.013164856306268376
1118.0	0.0012670683148259065	-0.013041600377097614
1119.0	0.0012670448753724173	-0.012920309679253663
1120.0	0.0012670253656905885	-0.012800940501736968
1121.0	0.0012670089861633615	-0.012683449374770077
1122.0	0.001266995128487518	-0.012567793349082606
1123.0	0.0012669833236108041	-0.01245393018322767
1124.0	0.001266973205419061	-0.012341818467601535
1125.0	0.0012669644849850259	-0.01223141770444433
1126.0	0.0012669569319680668	-0.012122688356813094
1127.0	0.0012669503610388195	-0.012015591875575962
1128.0	0.0012669446218303603	-0.011910090710668581
1129.0	0.001266939591391975	-0.01180614831108866
1130.0	0.0012669351684644692	-0.011703729116805697
1131.0	0.001266931269104532	-0.011602798544932307
1132.0	0.0012669278232908044	-0.011503322971795602
1133.0	0.0012669247723114947	-0.011405269712202088
1134.0	0.0012669220666376908	-0.011308606996792113
1135.0	0.001266919664335754	-0.011213303948166753
1136.0	0.0012669175297219204	-0.011119330556324422
1137.0	0.0012669156323125337	-0.011026657653753456
1138.0	0.0012669139459847334	-0.010935256890474095
1139.0	0.0012669124482640054	-0.010845100709286515
1140.0	0.0012669111197785349	-0.010756162321303431
1141.0	0.0012669099437823022	-0.010668415681967643
1142.0	0.0012669089057808847	-0.010581835467564764
1143.0	0.0012669079932035733	-0.010496397052340746
1144.0	0.0012669071951426508	-0.01041207648623562
1145.0	0.0012669065021560838	-0.010328850473269938
1146.0	0.0012669059060493016	-0.010246696350617302
1147.0	0.001266905399753457	-0.010165592068320864
1148.0	0.001266904977172479	-0.010085516169701983
1149.0	0.0012669046330993855	-0.010006447772428248
1150.0	0.0012669043631158006	-0.009928366550246178
1151.0	0.0012669041635205752	-0.009851252715371357
1152.0	0.0012669040312929404	-0.009775087001481808
1153.0	0.0012669039640003626	-0.009699850647397408
1154.0	0.0012669039598000786	-0.009625525381276515
1155.0	0.0012669040174254336	-0.009552093405511898
1156.0	0.0012669041361198553	-0.009479537382116194
1157.0	0.0012669043156782716	-0.009407840418730405
1158.0	0.001266904556423551	-0.00933698605515704
1159.0	0.0012669048592399658	-0.009266958250463449
1160.0	0.001266905225570178	-0.009197741370594398
1161.0	0.001266905657463724	-0.009129320176532117
1162.0	0.0012669061576254881	-0.009061679812956976
1163.0	0.0012669067294628288	-0.008994805797453985
1164.0	0.0012669073771691187	-0.008928684010215746
1165.0	0.0012669081058169346	-0.00886330068429214
1166.0	0.0012669089214803848	-0.008798642396387509
1167.0	0.0012669098313645212	-0.00873469605818585
1168.0	0.0012669108439821903	-0.00867144890828377
1169.0	0.0012669119694042736	-0.008608888504744922
1170.0	0.0012669132194884087	-0.008547002718305177
1171.0	0.0012669146082325566	-0.008485779726357149
1172.0	0.001266916152211154	-0.00842520800774014
1173.0	0.0012669178710334767	-0.008365276338419006
1174.0	0.0012669197880738176	-0.008305973788367206
1175.0	0.0012669219312555974	-0.00824728971969372
1176.0	0.0012669243341325376	-0.00818921378631728
1177.0	0.0012669270372429415	-0.008131735935617538
1178.0	0.0012669300898964391	-0.008074846412516722
1179.0	0.0012669335525018245	-0.008018535766580558
1180.0	0.0012669374996856914	-0.007962794863133692
1181.0	0.0012669420244065316	-0.00790761489962658
1182.0	0.0012669472436880986	-0.00785298742890669
1183.0	0.0012669533063835643	-0.007798904392021578
1184.0	0.0012669604041400985	-0.007745358164045074
1185.0	0.0012669687870767404	-0.007692341618235879
1186.0	0.0012669787864061732	-0.007639848216446717
1187.0	0.0012669908481998716	-0.007587872137763247
1188.0	0.001267005584513311	-0.0075364084643128005
1189.0	0.0012670238532204526	-0.007485453454272212
1190.0	0.0012670468861831674	-0.007435004951873431
1191.0	0.0012670765022925823	-0.007385063018681616
1192.0	0.0012671154754276747	-0.007335630934727454
1193.0	0.0012671681991312895	-0.007286716840420441
1194.0	0.0012672419513986588	-0.007238336535621365
1195.0	0.0012673494515887773	-0.007190518461415169
1196.0	0.0012675144060326198	-0.007143312982233833
1197.0	0.0012677845185593273	-0.007096810397628321
1198.0	0.0012682643777488973	-0.0070511760291395425
1199.0	0.0012691982419309445	-0.007006705407063221
1200.0	0.0012710317792237913	-0.006963725053055166
1201.0	0.0012708394375844424	-0.006918771876625036
1202.0	0.0012708054588396285	-0.006845266867871336
1203.0	0.0012709257902375603	-0.006801316210314699
1204.0	0.0012691006970540653	-0.006759990063403755
1205.0	0.0012681838351561814	-0.006717912709115914
1206.0	0.0012677177766773308	-0.006675441672678846
1207.0	0.0012674580355799703	-0.006632883544390888
1208.0	0.0012673009359337962	-0.006590408676788878
1209.0	0.0012671995223682486	-0.0065481104675503944
1210.0	0.0012671306008237137	-0.006506041762049085
1211.0	0.0012670817951564435	-0.00646423334546024
1212.0	0.0012670460604999824	-0.006422703422088999
1213.0	0.0012670191652295127	-0.006381462686742239
1214.0	0.0012669984506551246	-0.006340517168365697
1215.0	0.0012669821816548926	-0.00629986989624459
1216.0	0.0012669691885689343	-0.006259521915441863
1217.0	0.0012669586605749956	-0.006219472927547751
1218.0	0.0012669500217399965	-0.006179721707395423
1219.0	0.001266942854264798	-0.006140266381575796
1220.0	0.0012669368492124488	-0.00610110461881507
1221.0	0.0012669317743392754	-0.006062233762998513
1222.0	0.0012669274523597796	-0.006023650927710486
1223.0	0.0012669237462072092	-0.0059853530645924274
1224.0	0.0012669205485220274	-0.005947337013376567
1225.0	0.001266917774329822	-0.005909599539097198
1226.0	0.00126691535566386	-0.005872137359904468
1227.0	0.0012669132376729915	-0.005834947168150323
1228.0	0.0012669113757253464	-0.005798025646469452
1229.0	0.0012669097332112167	-0.005761369480086656
1230.0	0.0012669082798604115	-0.005724975366373139
1231.0	0.0012669069905616615	-0.005688840022090027
1232.0	0.001266905844257691	-0.005652960189168882
1233.0	0.0012669048232720982	-0.005617332639038543
1234.0	0.0012669039126340076	-0.005581954176017998
1235.0	0.0012669030996650282	-0.005546821639942643
1236.0	0.0012669023735387426	-0.0055119319080902
1237.0	0.0012669017249779635	-0.0054772818966629735
1238.0	0.0012669011460323704	-0.005442868561856453
1239.0	0.0012669006298522368	-0.005408688900571421
1240.0	0.0012669001705421868	-0.005374739950963482
1241.0	0.001266899763010913	-0.005341018792704401
1242.0	0.001266899402793032	-0.005307522547089203
1243.0	0.001266899086130322	-0.005274248376958485
1244.0	0.0012668988097059874	-0.0052411934867700165
1245.0	0.0012668985706548346	-0.005208355122121198
1246.0	0.001266898366553506	-0.005175730569675353
1247.0	0.0012668981953269287	-0.005143317156749098
1248.0	0.0012668980552270582	-0.005111112250954643
1249.0	0.0012668979447668293	-0.00507911325979792
1250.0	0.0012668978627438337	-0.005047317630233888
1251.0	0.001266897808198349	-0.005015722848235786
1252.0	0.0012668977804246029	-0.004984326438355985
1253.0	0.0012668977789168229	-0.004953125963260459
1254.0	0.0012668978033976274	-0.004922119023300583
1255.0	0.0012668978537837005	-0.004891303256067858
1256.0	0.0012668979302289036	-0.004860676335953039
1257.0	0.0012668980330893804	-0.0048302359737600374
1258.0	0.0012668981629440695	-0.004799979916326563
1259.0	0.0012668983206270768	-0.004769905946152289
1260.0	0.0012668985071996198	-0.004740011881095188
1261.0	0.0012668987240111202	-0.004710295574095307
1262.0	0.0012668989727198205	-0.004680754912933189
1263.0	0.0012668992553092286	-0.004651387820074935
1264.0	0.0012668995741368261	-0.0046221922525549524
1265.0	0.0012668999319986813	-0.0045931662019540985
1266.0	0.001266900332170431	-0.0045643076944637635
1267.0	0.0012669007785047048	-0.0045356147910725715
1268.0	0.0012669012755113453	-0.004507085587869415
1269.0	0.0012669018284679008	-0.004478718216524508
1270.0	0.001266902443573224	-0.004450510844936793
1271.0	0.0012669031281119525	-0.004422461678149968
1272.0	0.0012669038906888298	-0.004394568959526377
1273.0	0.0012669047414586576	-0.004366830972292033
1274.0	0.0012669056925081479	-0.004339246041534107
1275.0	0.0012669067582818994	-0.004311812536717814
1276.0	0.0012669079561056717	-0.004284528874968265
1277.0	0.0012669093069326038	-0.004257393525174658
1278.0	0.0012669108362334846	-0.0042304050133626665
1279.0	0.0012669125752240006	-0.004203561929448032
1280.0	0.0012669145624900808	-0.004176862936107014
1281.0	0.0012669168461555836	-0.004150306780246255
1282.0	0.0012669194867831308	-0.004123892308068074
1283.0	0.0012669225615261636	-0.004097618485045537
1284.0	0.0012669261697695916	-0.0040714844227576616
1285.0	0.001266930441338926	-0.004045489415209222
1286.0	0.0012669355483170064	-0.004019632989099994
1287.0	0.0012669417226902119	-0.003993914974149285
1288.0	0.0012669492830704903	-0.003968335603599447
1289.0	0.0012669586764794305	-0.00394289566082672
1290.0	0.0012669705455041114	-0.003917596698371499
1291.0	0.0012669858398942724	-0.0038924413740685057
1292.0	0.00126700600969688	-0.0038674339829420827
1293.0	0.0012670333541355083	-0.0038425813287021665
1294.0	0.001267071686303936	-0.003817894208393842
1295.0	0.0012671276781659668	-0.0037933900549603893
1296.0	0.001267213780773344	-0.003769097863225379
1297.0	0.0012673550843852032	-0.003745067759286799
1298.0	0.0012676066892317683	-0.0037213896874428018
1299.0	0.001268097572264269	-0.0036982230523057726
1300.0	0.001269064484665215	-0.003675746067853083
1301.0	0.0012689721039696577	-0.0036521434364992673
1302.0	0.0012689626361794709	-0.003613343015897515
1303.0	0.0012690349536410074	-0.0035900197139898853
1304.0	0.0012680703969045705	-0.0035680035943409134
1305.0	0.001267584254221385	-0.003545503634397803
1306.0	0.0012673364975561174	-0.00352270658080474
1307.0	0.0012671980865018174	-0.00349977477786363
1308.0	0.0012671141751486965	-0.003476799393716921
1309.0	0.001267059881812353	-0.0034538312036713438
1310.0	0.001267022898154247	-0.0034308996434808574
1311.0	0.0012669966478709887	-0.003408022512327212
1312.0	0.001266977382821138	-0.003385210953424066
1313.0	0.0012669628488914165	-0.0033624721211687842
1314.0	0.0012669516281551409	-0.0033398106778717547
1315.0	0.0012669427941800083	-0.003317229671508298
1316.0	0.0012669357217156574	-0.0032947310711013244
1317.0	0.0012669299768310815	-0.0032723161050236885
1318.0	0.0012669252510114826	-0.0032499854812452003
1319.0	0.0012669213201235985	-0.003227739534908553
1320.0	0.0012669180183065415	-0.00320557832938749
1321.0	0.0012669152206917671	-0.0031835017271726806
1322.0	0.0012669128319131046	-0.0031615094404100546
1323.0	0.0012669107781074901	-0.0031396010676966414
1324.0	0.0012669090013883416	-0.0031177761211192085
1325.0	0.0012669074558435533	-0.003096034046547293
1326.0	0.0012669061048184865	-0.0030743742391438913
1327.0	0.0012669049185945341	-0.003052796054742687
1328.0	0.0012669038729984194	-0.003031298819351352
1329.0	0.0012669029481847621	-0.0030098818360607287
1330.0	0.0012669021277604802	-0.002988544390708969
1331.0	0.001266901398060127	-0.002967285756283441
1332.0	0.0012669007476738675	-0.002946105196549701
1333.0	0.0012669001669641145	-0.0029250019688508706
1334.0	0.001266899647828299	-0.0029039753264674156
1335.0	0.0012668991833246746	-0.0028830245204931747
1336.0	0.001266898767570769	-0.0028621488013473753
1337.0	0.0012668983955281554	-0.0028413474200855667
1338.0	0.0012668980628739819	-0.002820619629411807
1339.0	0.0012668977658867302	-0.002799964684540804
1340.0	0.0012668975013447182	-0.0027793818438982165
1341.0	0.0012668972664961447	-0.0027588703697451968
1342.0	0.001266897058950856	-0.0027384295286634287
1343.0	0.0012668968766554789	-0.0027180585919122295
1344.0	0.001266896717851843	-0.002697756835865962
1345.0	0.0012668965810064504	-0.0026775235421982145
1346.0	0.0012668964648352998	-0.0026573579982215535
1347.0	0.0012668963682931074	-0.002637259497029653
1348.0	0.0012668962904126418	-0.002617227337674884
1349.0	0.0012668962305174892	-0.002597260825370175
1350.0	0.001266896187997806	-0.002577359271550135
1351.0	0.0012668961624224839	-0.002557521994035017
1352.0	0.0012668961535131473	-0.002537748317116203
1353.0	0.001266896161099209	-0.002518037571651225
1354.0	0.0012668961851563776	-0.0024983890951888357
1355.0	0.0012668962257886107	-0.0024788022320231928
1356.0	0.0012668962832348097	-0.0024592763332794494
1357.0	0.0012668963578828063	-0.0024398107570990264
1358.0	0.001266896450254038	-0.0024204048686303293
1359.0	0.0012668965610366312	-0.0024010580402706438
1360.0	0.0012668966910722912	-0.0023817696517296504
1361.0	0.0012668968414055726	-0.002362539090214206
1362.0	0.0012668970132810686	-0.0023433657506471933
1363.0	0.0012668972081886192	-0.0023242490358566805
1364.0	0.0012668974278453714	-0.0023051883568836456
1365.0	0.0012668976743162442	-0.0022861831332723305
1366.0	0.0012668979499549228	-0.002267232793442187
1367.0	0.0012668982575185306	-0.0022483367751396795
1368.0	0.0012668986002742778	-0.002229494526005572
1369.0	0.001266898982006619	-0.0022107055041907233
1370.0	0.0012668994071446049	-0.0021919691791612143
1371.0	0.0012668998809077447	-0.0021732850326280197
1372.0	0.0012669004094240726	-0.002154652559684701
1373.0	0.0012669009999600462	-0.0021360712702555127
1374.0	0.0012669016611305756	-0.0021175406907174062
1375.0	0.0012669024032367809	-0.002099060366086384
1376.0	0.0012669032386445063	-0.0020806298626732905
1377.0	0.0012669041822784576	-0.0020622487711126685
1378.0	0.0012669052523472074	-0.0020439167107925513
1379.0	0.0012669064711221551	-0.0020256333347856226
1380.0	0.0012669078661697586	-0.0020073983365974614
1381.0	0.0012669094718416713	-0.001989211458662327
1382.0	0.001266911331462141	-0.001971072503522802
1383.0	0.0012669135001903526	-0.0019529813484968962
1384.0	0.0012669160491403653	-0.001934937965346395
1385.0	0.0012669190712840145	-0.001916942446804809
1386.0	0.0012669226898976043	-0.0018989950431616543
1387.0	0.0012669270712743297	-0.0018810962134967399
1388.0	0.0012669324439744045	-0.001863246698619429
1389.0	0.0012669391288408693	-0.0018454476275128221
1390.0	0.00126694758740168	-0.0018277006762936403
1391.0	0.0012669585022620734	-0.001810008311967432
1392.0	0.0012669729163108762	-0.0017923741782492927
1393.0	0.0012669924842929315	-0.0017748037274983397
1394.0	0.0012670199524745806	-0.001757305297700568
1395.0	0.0012670601297552443	-0.0017398920296694393
1396.0	0.0012671219975014065	-0.0017225854426930313
1397.0	0.0012672236700334227	-0.0017054223859211302
1398.0	0.0012674049685817085	-0.0016884686338322007
1399.0	0.0012677592374425173	-0.0016718405637448455
1400.0	0.0012684584542759282	-0.0016556692770362963
1401.0	0.0012683956589183	-0.0016386464773048446
1402.0	0.0012683925950863352	-0.0016105702807724853
1403.0	0.0012684488980154907	-0.001593637872658512
1404.0	0.001267750443785548	-0.001577615718516328
1405.0	0.0012673977092102085	-0.0015612033704541523
1406.0	0.0012672176562406091	-0.0015445346804862207
1407.0	0.0012671169200079834	-0.0015277269630314073
1408.0	0.001267055761622397	-0.0015108463708688002
1409.0	0.0012670161342490877	-0.001493929941880918
1410.0	0.0012669891027004044	-0.0014769993131267046
1411.0	0.0012669698890453323	-0.0014600677154306455
1412.0	0.0012669557680288718	-0.0014431435666301285
1413.0	0.001266945099480482	-0.0014262323968111492
1414.0	0.001266936850930076	-0.0014093379290798492
1415.0	0.0012669303472747785	-0.0013924627135915597
1416.0	0.0012669251327279108	-0.0013756085143580151
1417.0	0.0012669208905427942	-0.0013587765538662017
1418.0	0.0012669173954806268	-0.0013419676722090693
1419.0	0.0012669144837819074	-0.0013251824338886967
1420.0	0.0012669120341663393	-0.001308421200921314
1421.0	0.0012669099553111042	-0.0012916841841851998
1422.0	0.0012669081773716768	-0.001274971480071207
1423.0	0.0012669066462478813	-0.001258283097138657
1424.0	0.0012669053195097347	-0.001241618975730388
1425.0	0.0012669041634987323	-0.0012249790028153321
1426.0	0.0012669031512695505	-0.001208363023114326
1427.0	0.0012669022610286157	-0.0011917708477580016
1428.0	0.001266901475025483	-0.0011752022607407501
1429.0	0.0012669007786618902	-0.001158657024520935
1430.0	0.0012669001599025953	-0.0011421348838102782
1431.0	0.001266899608679889	-0.0011256355690281812
1432.0	0.0012668991165817561	-0.0011091587989168824
1433.0	0.001266898676556208	-0.0010927042827092758
1434.0	0.0012668982825907748	-0.00107627172186608
1435.0	0.0012668979295991684	-0.0010598608115013517
1436.0	0.0012668976132590925	-0.0010434712415942815
1437.0	0.0012668973298702879	-0.0010271026979486865
1438.0	0.0012668970762214277	-0.0010107548630319408
1439.0	0.001266896849623746	-0.0009944274166760138
1440.0	0.0012668966476891857	-0.0009781200366181595
1441.0	0.001266896468407619	-0.0009618323990242182
1442.0	0.0012668963100266539	-0.000945564178915755
1443.0	0.0012668961710809706	-0.0009293150505202055
1444.0	0.0012668960502502386	-0.0009130846875850212
1445.0	0.0012668959464828932	-0.0008968727636199359
1446.0	0.0012668958588511869	-0.000880678952224472
1447.0	0.00126689578660448	-0.0008645029271802935
1448.0	0.0012668957290901323	-0.0008483443627092044
1449.0	0.0012668956858525788	-0.0008322029336538953
1450.0	0.0012668956564912015	-0.000816078315578643
1451.0	0.0012668956407552768	-0.0007999701849612537
1452.0	0.0012668956385031172	-0.0007838782193027617
1453.0	0.0012668956496834627	-0.0007678020972798523
1454.0	0.00126689567437414	-0.0007517414988617888
1455.0	0.001266895712746271	-0.0007356961054318151
1456.0	0.0012668957650971747	-0.0007196655999409768
1457.0	0.001266895831800739	-0.000703649667072564
1458.0	0.0012668959134131419	-0.0006876479932969415
1459.0	0.0012668960105872368	-0.0006716602671552601
1460.0	0.0012668961241377157	-0.0006556861793225534
1461.0	0.0012668962550162655	-0.0006397254229096813
1462.0	0.0012668964043785968	-0.0006237776936122479
1463.0	0.0012668965735734194	-0.0006078426899721357
1464.0	0.0012668967641745387	-0.0005919201137140916
1465.0	0.00126689697802642	-0.0005760096700197725
1466.0	0.0012668972172656485	-0.0005601110679406411
1467.0	0.0012668974843833352	-0.0005442240208588018
1468.0	0.0012668977822950262	-0.0005283482469952755
1469.0	0.0012668981143887032	-0.0005124834700960796
1470.0	0.0012668984846458226	-0.0004966294201095332
1471.0	0.0012668988977125217	-0.0004807858341190643
1472.0	0.0012668993590702544	-0.00046495245747134
1473.0	0.0012668998752156985	-0.000449129044947144
1474.0	0.0012669004538481082	-0.00043331536251361915
1475.0	0.00126690110417853	-0.00041751118915737506
1476.0	0.0012669018372372576	-0.0004017163193667569
1477.0	0.0012669026663872174	-0.0003859305660611325
1478.0	0.001266903607886386	-0.000370153764355503
1479.0	0.0012669046816802438	-0.00035438577633006623
1480.0	0.0012669059124150684	-0.00033862649697702065
1481.0	0.0012669073308182088	-0.00032287586210055417
1482.0	0.001266908975747111	-0.0003071338583493916
1483.0	0.001266910896520312	-0.0002914005365812478
1484.0	0.0012669131569485843	-0.000275676029560332
1485.0	0.0012669158403656694	-0.0002599605763035127
1486.0	0.0012669190573991618	-0.0002442545549930074
1487.0	0.0012669229572924178	-0.00022855852941604338
1488.0	0.0012669277453008431	-0.00021287331513916285
1489.0	0.0012669337097335853	-0.00019720007584256066
1490.0	0.001266941265492323	-0.00018154046733752965
1491.0	0.0012669510266249135	-0.00016589685834798932
1492.0	0.0012669639316964959	-0.00015027268000676787
1493.0	0.0012669814708636767	-0.00013467299837895464
1494.0	0.0012670061186790783	-0.00011910549042973394
1495.0	0.001267042210833002	-0.00010358218172159597
1496.0	0.001267097850252627	-8.812268862722654e-5
1497.0	0.0012671893910718057	-7.276052550468533e-5
1498.0	0.001267352814976102	-5.7555455614800784e-5
1499.0	0.001267672562655876	-4.261326551864432e-5
1500.0	0.0012683046706241936	-2.8053879352204084e-5
1501.0	0.0012682508167804075	-1.2697573338463913e-5
1502.0	0.0012682508167876944	1.2697573333284146e-5
1503.0	0.001268304670628584	2.8053879348706644e-5
1504.0	0.0012676725626592329	4.261326552504695e-5
1505.0	0.0012673528149787815	5.755545560034728e-5
1506.0	0.001267189391071321	7.276052549686896e-5
1507.0	0.001267097850250818	8.812268861600734e-5
1508.0	0.0012670422108379965	0.00010358218172181559
1509.0	0.0012670061186734543	0.00011910549042236533
1510.0	0.0012669814708632782	0.00013467299837268177
1511.0	0.0012669639316907882	0.00015027267998212192
1512.0	0.0012669510266232742	0.00016589685833367428
1513.0	0.001266941265479809	0.00018154046733304325
1514.0	0.0012669337097286255	0.0001972000758386664
1515.0	0.0012669277452999228	0.00021287331512997299
1516.0	0.0012669229572892233	0.00022855852941079717
1517.0	0.001266919057405647	0.00024425455497081286
1518.0	0.0012669158403771997	0.00025996057632207415
1519.0	0.0012669131569304792	0.0002756760295445949
1520.0	0.0012669108964941962	0.0002914005365313626
1521.0	0.0012669089756845043	0.0003071338583628425
1522.0	0.0012669073307625955	0.00032287586214720744
1523.0	0.0012669059123789	0.0003386264970021194
1524.0	0.0012669046816771734	0.00035438577633222916
1525.0	0.0012669036078870105	0.00037015376436525085
1526.0	0.0012669026663911403	0.00038593056606172477
1527.0	0.0012669018372283819	0.0004017163193744281
1528.0	0.001266901104177662	0.0004175111891625903
1529.0	0.001266900453859568	0.0004333153625015894
1530.0	0.001266899875218705	0.00044912904494405443
1531.0	0.0012668993590703676	0.00046495245746328663
1532.0	0.001266898897718421	0.00048078583413025457
1533.0	0.0012668984846520082	0.0004966294201199402
1534.0	0.0012668981143903796	0.0005124834701083365
1535.0	0.0012668977823007172	0.0005283482470030349
1536.0	0.0012668974843814467	0.0005442240208618128
1537.0	0.0012668972172582649	0.0005601110679434506
1538.0	0.0012668969780232887	0.0005760096700234746
1539.0	0.001266896764177245	0.0005919201137204103
1540.0	0.001266896573574341	0.0006078426899742623
1541.0	0.0012668964044088254	0.0006237776936594895
1542.0	0.0012668962550147684	0.0006397254229136644
1543.0	0.0012668961241306227	0.0006556861793219314
1544.0	0.0012668960105903472	0.0006716602671460901
1545.0	0.0012668959134111925	0.0006876479933025792
1546.0	0.001266895831802239	0.0007036496670698801
1547.0	0.001266895765089352	0.0007196655999468581
1548.0	0.0012668957127466851	0.0007356961054254326
1549.0	0.0012668956743826937	0.0007517414988582454
1550.0	0.0012668956496818347	0.0007678020972768238
1551.0	0.0012668956384994168	0.0007838782193010627
1552.0	0.00126689564076362	0.0007999701849458346
1553.0	0.001266895656481245	0.0008160783155839119
1554.0	0.0012668956858579	0.0008322029336530468
1555.0	0.0012668957290997564	0.0008483443627174227
1556.0	0.0012668957865990193	0.0008645029271688181
1557.0	0.001266895858864875	0.000880678952212221
1558.0	0.001266895946480462	0.0008968727636190926
1559.0	0.0012668960502418476	0.0009130846875686246
1560.0	0.0012668961710285886	0.0009293150505120505
1561.0	0.001266896310020203	0.0009455641789215978
1562.0	0.0012668964683870555	0.0009618323990280565
1563.0	0.0012668966476792993	0.0009781200366271894
1564.0	0.0012668968495629757	0.0009944274166919674
1565.0	0.0012668970762382897	0.0010107548630349126
1566.0	0.001266897329863852	0.0010271026979507538
1567.0	0.0012668976132700633	0.0010434712415936026
1568.0	0.0012668979296048038	0.001059860811489772
1569.0	0.0012668982825881142	0.0010762717218586121
1570.0	0.0012668986765510982	0.0010927042827081027
1571.0	0.0012668991165926552	0.0011091587989151414
1572.0	0.0012668996086814715	0.0011256355690382382
1573.0	0.0012669001599047447	0.0011421348838118422
1574.0	0.0012669007786790549	0.0011586570245224058
1575.0	0.0012669014750279661	0.0011752022607459708
1576.0	0.0012669022610238478	0.001191770847722945
1577.0	0.0012669031512683544	0.0012083630231184141
1578.0	0.0012669041635005745	0.0012249790028142284
1579.0	0.0012669053195098218	0.001241618975723237
1580.0	0.001266906646254356	0.0012582830971312252
1581.0	0.0012669081773686037	0.0012749714800697931
1582.0	0.001266909955315252	0.0012916841841875868
1583.0	0.001266912034170386	0.0013084212009201962
1584.0	0.0012669144837852053	0.001325182433881115
1585.0	0.001266917395480977	0.0013419676722079622
1586.0	0.0012669208905478546	0.0013587765538686167
1587.0	0.0012669251327259534	0.0013756085143593587
1588.0	0.0012669303473135025	0.0013924627135637152
1589.0	0.0012669368509329482	0.0014093379290730788
1590.0	0.0012669450994760888	0.0014262323968110236
1591.0	0.0012669557680210569	0.0014431435666335233
1592.0	0.001266969889039642	0.0014600677154308107
1593.0	0.001266989102714662	0.0014769993131328895
1594.0	0.001267016134251896	0.0014939299418723182
1595.0	0.001267055761623544	0.0015108463708596725
1596.0	0.0012671169200056554	0.0015277269630210653
1597.0	0.0012672176562221304	0.0015445346804869205
1598.0	0.0012673977092078498	0.0015612033704329978
1599.0	0.0012677504437685	0.0015776157185128249
1600.0	0.001268448897998119	0.0015936378726547407
1601.0	0.0012683925950633397	0.0016105702807797816
1602.0	0.0012683956588932172	0.0016386464773179284
1603.0	0.0012684584542670002	0.0016556692770663393
1604.0	0.0012677592374564983	0.0016718405637707607
1605.0	0.0012674049686003286	0.0016884686338533709
1606.0	0.0012672236700456319	0.0017054223859206369
1607.0	0.0012671219975012716	0.0017225854426912634
1608.0	0.001267060129749517	0.0017398920296816083
1609.0	0.0012670199524703607	0.001757305297704422
1610.0	0.001266992484295697	0.0017748037275099379
1611.0	0.0012669729163234467	0.001792374178254902
1612.0	0.001266958502274776	0.0018100083119702067
1613.0	0.0012669475874039493	0.0018277006762903146
1614.0	0.001266939128838655	0.0018454476275125936
1615.0	0.0012669324439765128	0.0018632466986172782
1616.0	0.0012669270712841307	0.00188109621351588
1617.0	0.0012669226899040343	0.0018989950431993793
1618.0	0.0012669190712706734	0.001916942446806665
1619.0	0.0012669160491500875	0.0019349379653549902
1620.0	0.0012669135001941074	0.0019529813484987354
1621.0	0.001266911331471226	0.00197107250351538
1622.0	0.001266909471853509	0.0019892114586620604
1623.0	0.0012669078661707218	0.00200739833661056
1624.0	0.0012669064711321955	0.002025633334799255
1625.0	0.0012669052523516017	0.0020439167107963326
1626.0	0.0012669041822728033	0.002062248771120062
1627.0	0.001266903238649456	0.002080629862660204
1628.0	0.0012669024032395488	0.0020990603661086254
1629.0	0.0012669016611393386	0.00211754069071373
1630.0	0.0012669009999631692	0.002136071270248632
1631.0	0.001266900409430355	0.0021546525596972364
1632.0	0.0012668998809137755	0.002173285032632844
1633.0	0.0012668994071635064	0.002191969179163244
1634.0	0.0012668989820128862	0.0022107055041954535
1635.0	0.0012668986002853655	0.0022294945260067723
1636.0	0.0012668982575210269	0.002248336775137026
1637.0	0.0012668979499472876	0.002267232793449378
1638.0	0.0012668976743351146	0.0022861831332906903
1639.0	0.001266897427899561	0.0023051883569022045
1640.0	0.0012668972082307607	0.0023242490358433006
1641.0	0.001266897013326238	0.0023433657506119728
1642.0	0.0012668968414236066	0.0023625390901677048
1643.0	0.0012668966910653202	0.0023817696516861653
1644.0	0.001266896561017386	0.0024010580402503514
1645.0	0.001266896450250591	0.002420404868619059
1646.0	0.0012668963578790927	0.002439810757078751
1647.0	0.0012668962832429276	0.002459276333257547
1648.0	0.0012668962257734828	0.0024788022320096624
1649.0	0.0012668961851475858	0.0024983890951873013
1650.0	0.0012668961611093982	0.0025180375716671263
1651.0	0.00126689615351954	0.002537748317110073
1652.0	0.0012668961624236242	0.0025575219940182172
1653.0	0.0012668961879891399	0.0025773592715403076
1654.0	0.0012668962305042886	0.002597260825369221
1655.0	0.0012668962904140658	0.0026172273376801948
1656.0	0.0012668963682845224	0.0026372594970250768
1657.0	0.0012668964648405744	0.0026573579982257407
1658.0	0.0012668965810038824	0.0026775235421863408
1659.0	0.00126689671789191	0.002697756835849695
1660.0	0.0012668968766629647	0.002718058591926013
1661.0	0.00126689705894313	0.002738429528669038
1662.0	0.0012668972664959895	0.0027588703697454314
1663.0	0.0012668975013463495	0.0027793818438912204
1664.0	0.0012668977658746138	0.0027999646845284433
1665.0	0.0012668980628765482	0.0028206196294184365
1666.0	0.001266898395532035	0.0028413474200898047
1667.0	0.001266898767571813	0.0028621488013529568
1668.0	0.0012668991833332105	0.0028830245204957
1669.0	0.0012668996478069883	0.002903975326465998
1670.0	0.0012669001669750495	0.0029250019688493766
1671.0	0.0012669007476833023	0.002946105196552966
1672.0	0.0012669013980668236	0.0029672857562844986
1673.0	0.0012669021277620879	0.0029885443907100495
1674.0	0.0012669029481862776	0.003009881836050072
1675.0	0.001266903872996536	0.0030312988193547824
1676.0	0.0012669049185896025	0.0030527960547572725
1677.0	0.0012669061048311075	0.0030743742391463303
1678.0	0.0012669074558767617	0.00309603404658245
1679.0	0.0012669090013933714	0.003117776121111577
1680.0	0.0012669107781275446	0.0031396010676737014
1681.0	0.0012669128319139163	0.0031615094403987117
1682.0	0.0012669152206928997	0.0031835017271570386
1683.0	0.001266918018313838	0.0032055783293765063
1684.0	0.0012669213201289087	0.0032277395348982323
1685.0	0.0012669252510048223	0.003249985481214083
1686.0	0.001266929976827127	0.0032723161050133977
1687.0	0.0012669357217074168	0.00329473107109608
1688.0	0.0012669427941823224	0.0033172296715096774
1689.0	0.0012669516281653543	0.0033398106778744
1690.0	0.001266962848908303	0.0033624721211811225
1691.0	0.0012669773828131404	0.003385210953413278
1692.0	0.001266996647864982	0.0034080225123212632
1693.0	0.0012670228981433173	0.0034308996434812607
1694.0	0.0012670598818135404	0.0034538312036723156
1695.0	0.001267114175152182	0.0034767993937063887
1696.0	0.0012671980865174926	0.003499774777860546
1697.0	0.0012673364975468936	0.0035227065807851843
1698.0	0.0012675842542230543	0.003545503634394274
1699.0	0.0012680703969080564	0.003568003594329339
1700.0	0.0012690349536379037	0.003590019713987781
1701.0	0.0012689626361751128	0.003613343015897482
1702.0	0.001268972103974887	0.0036521434364931334
1703.0	0.0012690644846751087	0.0036757460678537484
1704.0	0.0012680975722729204	0.003698223052304877
1705.0	0.0012676066892319936	0.0037213896874377025
1706.0	0.0012673550843871663	0.0037450677592951484
1707.0	0.001267213780769334	0.00376909786321605
1708.0	0.0012671276781652274	0.003793390054962226
1709.0	0.0012670716863098263	0.003817894208393776
1710.0	0.0012670333541324147	0.003842581328696954
1711.0	0.0012670060097068369	0.0038674339829506623
1712.0	0.0012669858399123213	0.0038924413740568076
1713.0	0.0012669705454844	0.003917596698364295
1714.0	0.0012669586764793466	0.003942895660832221
1715.0	0.0012669492830757413	0.00396833560361069
1716.0	0.0012669417226994378	0.0039939149741508835
1717.0	0.001266935548338154	0.00401963298908281
1718.0	0.0012669304413425442	0.004045489415210733
1719.0	0.001266926169785938	0.004071484422749431
1720.0	0.0012669225615441137	0.004097618485047044
1721.0	0.0012669194868103156	0.004123892308042866
1722.0	0.0012669168461434805	0.004150306780220602
1723.0	0.0012669145624832623	0.00417686293609018
1724.0	0.0012669125752021238	0.00420356192942279
1725.0	0.00126691083620741	0.004230405013355647
1726.0	0.001266909306925798	0.004257393525179704
1727.0	0.0012669079560983188	0.004284528874970258
1728.0	0.001266906758276522	0.004311812536717313
1729.0	0.0012669056925172434	0.004339246041533044
1730.0	0.00126690474144524	0.0043668309723006084
1731.0	0.0012669038906791901	0.004394568959519908
1732.0	0.0012669031281215114	0.0044224616781419045
1733.0	0.0012669024435675441	0.004450510844940236
1734.0	0.0012669018284607691	0.004478718216528461
1735.0	0.0012669012755117549	0.00450708558787221
1736.0	0.0012669007784982301	0.004535614791067971
1737.0	0.0012669003321703549	0.004564307694459632
1738.0	0.0012668999319985564	0.0045931662019450805
1739.0	0.0012668995741317102	0.004622192252552431
1740.0	0.0012668992552965013	0.004651387820074825
1741.0	0.0012668989727113679	0.004680754912930084
1742.0	0.0012668987240164837	0.004710295574082021
1743.0	0.0012668985071607232	0.004740011881030012
1744.0	0.0012668983206146694	0.004769905946142889
1745.0	0.0012668981629497728	0.004799979916314077
1746.0	0.0012668980330829917	0.004830235973767747
1747.0	0.001266897930235988	0.0048606763359475775
1748.0	0.0012668978537662657	0.004891303256062547
1749.0	0.0012668978033822597	0.0049221190233074644
1750.0	0.0012668977789145031	0.004953125963278877
1751.0	0.0012668977804210274	0.004984326438344212
1752.0	0.0012668978081887656	0.00501572284822967
1753.0	0.001266897862722019	0.005047317630226781
1754.0	0.0012668979447736102	0.005079113259874073
1755.0	0.001266898055212321	0.005111112250977918
1756.0	0.0012668981953351144	0.00514331715674351
1757.0	0.0012668983665536126	0.005175730569656423
1758.0	0.001266898570601563	0.005208355122101354
1759.0	0.0012668988096396412	0.005241193486792874
1760.0	0.0012668990860955009	0.005274248377071308
1761.0	0.0012668994028150044	0.0053075225471047385
1762.0	0.0012668997629688389	0.0053410187927958
1763.0	0.0012669001706031263	0.005374739951013791
1764.0	0.0012669006298960366	0.005408688900581492
1765.0	0.0012669011460589047	0.005442868561832272
1766.0	0.001266901724990479	0.005477281896663843
1767.0	0.0012669023735627583	0.005511931908103904
1768.0	0.001266903099683276	0.005546821639950138
1769.0	0.0012669039126447946	0.005581954176010142
1770.0	0.001266904823264896	0.005617332639024372
1771.0	0.0012669058442530052	0.005652960189167178
1772.0	0.0012669069905624564	0.005688840022095469
1773.0	0.0012669082798813659	0.005724975366371589
1774.0	0.0012669097332180452	0.005761369480089928
1775.0	0.0012669113757330774	0.0057980256464620905
1776.0	0.0012669132376743387	0.005834947168148212
1777.0	0.001266915355662252	0.005872137359903918
1778.0	0.0012669177743313742	0.005909599539109371
1779.0	0.0012669205485388135	0.005947337013378699
1780.0	0.001266923746210955	0.0059853530645754705
1781.0	0.0012669274523541786	0.006023650927707857
1782.0	0.0012669317743223647	0.0060622337629961925
1783.0	0.0012669368492229255	0.0061011046188111165
1784.0	0.0012669428542714768	0.0061402663815677
1785.0	0.0012669500217642393	0.006179721707399838
1786.0	0.0012669586605663908	0.006219472927547165
1787.0	0.00126696918856942	0.006259521915445026
1788.0	0.0012669821816743794	0.006299869896238587
1789.0	0.00126699845064987	0.006340517168344703
1790.0	0.0012670191652346286	0.006381462686735253
1791.0	0.001267046060489646	0.006422703422083048
1792.0	0.001267081795152324	0.0064642333454661294
1793.0	0.0012671306008313955	0.006506041762048226
1794.0	0.0012671995223891936	0.0065481104675442015
1795.0	0.0012673009359460664	0.006590408676762361
1796.0	0.0012674580355693332	0.006632883544387422
1797.0	0.001267717776666355	0.006675441672682861
1798.0	0.00126818383515663	0.006717912709132737
1799.0	0.0012691006970553442	0.006759990063423668
1800.0	0.0012709257902368976	0.006801316210310238
1801.0	0.0012708054588332562	0.006845266867894067
1802.0	0.0012708394375953215	0.00691877187663893
1803.0	0.0012710317792366877	0.0069637250530606475
1804.0	0.001269198241935397	0.007006705407066881
1805.0	0.0012682643777161989	0.0070511760291253125
1806.0	0.0012677845185784897	0.007096810397620314
1807.0	0.001267514406031497	0.0071433129822330455
1808.0	0.0012673494515909472	0.007190518461407827
1809.0	0.0012672419514040856	0.007238336535616413
1810.0	0.0012671681991108968	0.007286716840420884
1811.0	0.0012671154754344172	0.007335630934726818
1812.0	0.0012670765023016072	0.00738506301868741
1813.0	0.0012670468861942774	0.00743500495186514
1814.0	0.001267023853222899	0.0074854534542715566
1815.0	0.001267005584520643	0.007536408464311099
1816.0	0.0012669908482015357	0.007587872137765199
1817.0	0.0012669787862870257	0.007639848216487026
1818.0	0.0012669687870798003	0.007692341618238419
1819.0	0.0012669604041462663	0.0077453581640384885
1820.0	0.0012669533063849863	0.007798904392013917
1821.0	0.001266947243683093	0.007852987428910057
1822.0	0.0012669420244086854	0.007907614899635838
1823.0	0.0012669374996844569	0.007962794863146631
1824.0	0.0012669335525047716	0.008018535766572703
1825.0	0.0012669300899088454	0.008074846412527759
1826.0	0.0012669270372478593	0.008131735935606982
1827.0	0.0012669243341433944	0.008189213786318223
1828.0	0.0012669219312659396	0.008247289719691648
1829.0	0.0012669197880763729	0.008305973788362541
1830.0	0.0012669178710266128	0.008365276338419296
1831.0	0.0012669161522187529	0.008425208007736346
1832.0	0.001266914608197411	0.00848577972634472
1833.0	0.0012669132194962768	0.00854700271830398
1834.0	0.001266911969412044	0.008608888504738128
1835.0	0.001266910843985014	0.008671448908274834
1836.0	0.0012669098313463306	0.00873469605819264
1837.0	0.0012669089214838896	0.008798642396396873
1838.0	0.0012669081058131776	0.008863300684301788
1839.0	0.0012669073771633804	0.008928684010207105
1840.0	0.0012669067294542498	0.008994805797474097
1841.0	0.0012669061576342528	0.009061679812975463
1842.0	0.0012669056574836207	0.009129320176556972
1843.0	0.0012669052255924096	0.009197741370603977
1844.0	0.001266904859271678	0.009266958250455887
1845.0	0.001266904556462874	0.009336986055133752
1846.0	0.0012669043156880023	0.009407840418702126
1847.0	0.0012669041361213413	0.009479537382118071
1848.0	0.0012669040174093594	0.009552093405503658
1849.0	0.0012669039598053322	0.009625525381263359
1850.0	0.0012669039639999424	0.00969985064737383
1851.0	0.0012669040312916597	0.00977508700147164
1852.0	0.0012669041635433498	0.009851252715355942
1853.0	0.001266904363126225	0.009928366550231615
1854.0	0.0012669046331022372	0.010006447772418776
1855.0	0.0012669049771703471	0.01008551616969526
1856.0	0.0012669053997505825	0.010165592068316394
1857.0	0.0012669059060679622	0.010246696350615276
1858.0	0.0012669065021596432	0.010328850473266895
1859.0	0.0012669071951512839	0.010412076486225441
1860.0	0.0012669079932038153	0.010496397052329203
1861.0	0.0012669089057906957	0.010581835467556127
1862.0	0.0012669099437737986	0.01066841568195384
1863.0	0.0012669111198016282	0.010756162321303253
1864.0	0.0012669124482872264	0.010845100709268122
1865.0	0.0012669139459917556	0.010935256890461905
1866.0	0.0012669156323249853	0.011026657653736918
1867.0	0.0012669175297235964	0.01111933055632331
1868.0	0.0012669196643618293	0.01121330394814656
1869.0	0.0012669220666470071	0.01130860699677776
1870.0	0.0012669247723163812	0.011405269712182291
1871.0	0.0012669278233097348	0.011503322971784934
1872.0	0.0012669312691283709	0.011602798544927974
1873.0	0.0012669351684824704	0.011703729116792396
1874.0	0.0012669395914266118	0.011806148311050417
1875.0	0.0012669446218314733	0.011910090710634782
1876.0	0.0012669503610381356	0.012015591875576262
1877.0	0.0012669569320003145	0.012122688356810057
1878.0	0.0012669644850456109	0.012231417704402697
1879.0	0.0012669732054688442	0.012341818467498423
1880.0	0.0012669833236010185	0.012453930183081108
1881.0	0.0012669951284083798	0.012567793348927297
1882.0	0.0012670089860260304	0.012683449374710519
1883.0	0.0012670253655561947	0.012800940501754747
1884.0	0.0012670448752847684	0.012920309679285188
1885.0	0.0012670683148079686	0.013041600377170346
1886.0	0.0012670967509125757	0.013164856306283723
1887.0	0.001267131631163604	0.013290121003368847
1888.0	0.0012671749569688896	0.013417437209622358
1889.0	0.0012672295549188918	0.013546845933615246
1890.0	0.0012672995153666694	0.013678385014197452
1891.0	0.0012673909251455268	0.013812086871689349
1892.0	0.00126751314088563	0.013947974896832206
1893.0	0.0012676811024953927	0.014086057468526644
1894.0	0.0012679197638943073	0.014226317672201269
1895.0	0.0012682731115605922	0.014368694864536973
1896.0	0.0012688238730025432	0.014513050058648107
1897.0	0.001269740170900776	0.014659098078805657
1898.0	0.0012713948646875584	0.014806273056161754
1899.0	0.00127467251364196	0.014953504891895912
1900.0	0.0012812531140531892	0.015099496433390362
1901.0	0.0012809722431433045	0.015256329575638905
1902.0	0.0012812471472411246	0.015522281961904479
1903.0	0.0012821108716615315	0.01568722772407248
1904.0	0.0012754624066770848	0.015846612426484257
1905.0	0.0012720476639323287	0.016013236196354315
1906.0	0.0012702817641576459	0.016186069879816963
1907.0	0.0012692819916605069	0.016364155906259188
1908.0	0.0012686681064401695	0.01654699810240027
1909.0	0.0012682659325545275	0.016734371395749077
1910.0	0.00126798859940648	0.01692619808550347
1911.0	0.001267789344502972	0.01712248404002403
1912.0	0.0012676413282862208	0.017323285859674884
1913.0	0.0012675283009725524	0.017528693375550842
1914.0	0.0012674399743461584	0.017738819965076237
1915.0	0.0012673695837746512	0.01795379703162782
1916.0	0.0012673125356990778	0.01817377080628569
1917.0	0.0012672656229237333	0.018398900504172967
1918.0	0.0012672265515190372	0.01862935730628119
1919.0	0.0012671936456636003	0.0188653238665675
1920.0	0.0012671656580688496	0.019106994169607455
1921.0	0.0012671416449862995	0.01935457363318991
1922.0	0.0012671208816629898	0.019608279392037128
1923.0	0.0012671028041942966	0.019868340723295505
1924.0	0.0012670869687260522	0.020134999589676572
1925.0	0.001267073022145837	0.02040851128565489
1926.0	0.0012670606808458495	0.02068914517976928
1927.0	0.0012670497153253058	0.020977185549576758
1928.0	0.001267039938402469	0.021272932508895344
1929.0	0.0012670311965369563	0.021576703030974195
1930.0	0.0012670233631672846	0.02188883207170107
1931.0	0.0012670163335336848	0.022209673799355456
1932.0	0.0012670100208769309	0.022539602939499196
1933.0	0.0012670043531592269	0.022879016244423935
1934.0	0.0012669992708146617	0.023228334098376064
1935.0	0.0012669947247413405	0.02358800227246799
1936.0	0.001266990674873103	0.023958493843321084
1937.0	0.0012669870890237346	0.024340311293340685
1938.0	0.0012669839420349149	0.02473398881141002
1939.0	0.0012669812149496051	0.02514009481633698
1940.0	0.001266978894681885	0.025559234727985932
1941.0	0.0012669769735751434	0.0259920540141573
1942.0	0.0012669754492238051	0.026439241545630612
1943.0	0.0012669743244830645	0.026901533295932364
1944.0	0.001266973607410169	0.027379716427454737
1945.0	0.0012669733114479265	0.027874633811604512
1946.0	0.0012669734557866686	0.028387189037764812
1947.0	0.0012669740657504846	0.02891835197332326
1948.0	0.001266975173485122	0.02946916494680964
1949.0	0.001266976818387343	0.03004074963702254
1950.0	0.0012669790484225196	0.030634314763974234
1951.0	0.0012669819209863741	0.031251164692213014
1952.0	0.0012669855044051392	0.03189270907564497
1953.0	0.0012669898796724478	0.032560473693543875
1954.0	0.0012669951424085257	0.03325611265309641
1955.0	0.0012670014054882283	0.033981422163530256
1956.0	0.001267008802055667	0.034738356123198345
1957.0	0.001267017489282768	0.03552904380399344
1958.0	0.0012670276529238677	0.03635580996982581
1959.0	0.0012670395129719904	0.0372211978287939
1960.0	0.0012670533304247223	0.03812799529623571
1961.0	0.0012670694160285079	0.039079265138417425
1962.0	0.001267088140654048	0.040078379683498484
1963.0	0.0012671099486590853	0.041129060926690865
1964.0	0.0012671353743320757	0.04223542703355394
1965.0	0.0012671650628437359	0.04340204646459776
1966.0	0.0012671997966336125	0.04463400121757906
1967.0	0.0012672405291198874	0.045936961031146924
1968.0	0.0012672884281771579	0.04731727083015819
1969.0	0.0012673449318683894	0.04878205425308067
1970.0	0.0012674118215222107	0.05033933681785089
1971.0	0.001267491317214433	0.05199819321241874
1972.0	0.0012675862043194698	0.053768924403470926
1973.0	0.0012677000023601792	0.05566327184715923
1974.0	0.0012678371923001064	0.05769467818883336
1975.0	0.0012680035259851387	0.059878606654336954
1976.0	0.0012682064517503255	0.06223293513227884
1977.0	0.0012684557060513835	0.06477844613022757
1978.0	0.0012687641472325063	0.06753944093310782
1979.0	0.0012691489454591987	0.07054451626915621
1980.0	0.0012696333056470388	0.07382755589018836
1981.0	0.0012702490025082102	0.0774290096928571
1982.0	0.001271040174236945	0.08139756242606701
1983.0	0.001272069106739495	0.08579233755002683
1984.0	0.001273425238504785	0.09068584733345668
1985.0	0.0012752394998724948	0.09616800087740236
1986.0	0.0012777077329897647	0.10235163954926545
1987.0	0.0012811300374034906	0.10938032275094575
1988.0	0.0012859790014910677	0.11743950483925415
1989.0	0.0012930223536728202	0.12677295359963886
1990.0	0.0013035526657943731	0.1377075059215056
1991.0	0.0013198383640246625	0.15069152463866264
1992.0	0.0013460594046292484	0.1663567317394209
1993.0	0.0013903788510313442	0.1856216969556569
1994.0	0.0014699011308340927	0.2098734288899792
1995.0	0.0016237246697926055	0.24130449331254084
1996.0	0.001951641883856624	0.2835829223645759
1997.0	0.0027478214651244738	0.34329828583416006
1998.0	0.005066676393799275	0.4334106261281611
1999.0	0.013898103087956686	0.5824215330786536
2000.0	0.06481894579433167	0.8587567861828113
2001.0	0.5514167868686495	1.2200683139843975
2002.0	0.5514167868688788	-1.2200683139840707
